Francais802.binding.frontcover.tif 0.015064 0.012746 0.008333 0.009167
Francais802.frontmatter.pastedown.tif 0.015064 0.000000 0.010000 0.012500
Francais802.frontmatter.flyleaf.01r.tif 0.015644 0.014440 0.010000 0.009167
Francais802.frontmatter.flyleaf.01v.tif 0.013205 0.015606 0.010000 0.005000
Francais802.frontmatter.flyleaf.02r.tif 0.014440 0.016847 0.009167 0.007500
Francais802.frontmatter.flyleaf.02v.tif 0.014616 0.006090 0.008333 0.006667
Francais802.frontmatter.flyleaf.03r.tif 0.013530 0.013530 0.007500 0.009167
Francais802.frontmatter.flyleaf.03v.tif 0.010922 0.018204 0.008333 0.008333
Francais802.frontmatter.flyleaf.04r.tif 0.017157 0.012255 0.009167 0.008333
Francais802.frontmatter.flyleaf.04v.tif 0.012453 0.008717 0.009167 0.008333
Francais802.001r.tif 0.023002 0.009685 0.006667 0.009167
Francais802.001v.tif 0.012453 0.015912 0.009167 0.004167
Francais802.002r.tif 0.013497 0.009685 0.007500 0.008333
Francais802.002v.tif 0.009852 0.018473 0.010000 0.005833
Francais802.003r.tif 0.013497 0.009877 0.007500 0.008333
Francais802.003v.tif 0.012255 0.017157 0.008333 0.006667
Francais802.004r.tif 0.008600 0.013514 0.008333 0.006667
Francais802.004v.tif 0.009901 0.012376 0.009167 0.006667
Francais802.005r.tif 0.013447 0.012225 0.008333 0.008333
Francais802.005v.tif 0.012315 0.020936 0.007500 0.005833
Francais802.006r.tif 0.016049 0.009877 0.005000 0.008333
Francais802.006v.tif 0.012330 0.016030 0.009167 0.007500
Francais802.007r.tif 0.013597 0.008653 0.007500 0.006667
Francais802.007v.tif 0.009926 0.016129 0.008333 0.007500
Francais802.008r.tif 0.018473 0.008621 0.008333 0.005833
Francais802.008v.tif 0.011111 0.016129 0.007500 0.007500
Francais802.009r.tif 0.011166 0.008621 0.007500 0.008333
Francais802.009v.tif 0.016089 0.016089 0.008333 0.005000
Francais802.010r.tif 0.009950 0.011194 0.006667 0.008333
Francais802.010v.tif 0.013733 0.013733 0.009167 0.008333
Francais802.011r.tif 0.017500 0.010000 0.008333 0.006667
Francais802.011v.tif 0.013733 0.017544 0.005000 0.008333
Francais802.012r.tif 0.014944 0.007472 0.007500 0.004167
Francais802.012v.tif 0.006289 0.018868 0.007500 0.008333
Francais802.013r.tif 0.014944 0.009950 0.005833 0.005833
Francais802.013v.tif 0.012516 0.022528 0.008333 0.008333
Francais802.014r.tif 0.013716 0.012469 0.006667 0.006667
Francais802.014v.tif 0.012516 0.018727 0.009167 0.007500
Francais802.015r.tif 0.011236 0.008739 0.005833 0.006667
Francais802.015v.tif 0.012516 0.016311 0.010833 0.008333
Francais802.016r.tif 0.016311 0.008739 0.005833 0.007500
Francais802.016v.tif 0.008917 0.012739 0.010833 0.006667
Francais802.017r.tif 0.016311 0.011180 0.008333 0.008333
Francais802.017v.tif 0.012422 0.011180 0.009167 0.007500
Francais802.018r.tif 0.016311 0.013665 0.006667 0.005833
Francais802.018v.tif 0.012422 0.011180 0.008333 0.008333
Francais802.019r.tif 0.014963 0.009975 0.009167 0.005833
Francais802.019v.tif 0.012422 0.022333 0.009167 0.008333
Francais802.020r.tif 0.012346 0.013580 0.008333 0.007500
Francais802.020v.tif 0.017305 0.007417 0.007500 0.006667
Francais802.021r.tif 0.015094 0.007547 0.010000 0.009167
Francais802.021v.tif 0.012531 0.026316 0.010000 0.010000
Francais802.022r.tif 0.011264 0.008761 0.007500 0.006667
Francais802.022v.tif 0.010076 0.012594 0.007500 0.009167
Francais802.023r.tif 0.013784 0.008772 0.007500 0.009167
Francais802.023v.tif 0.005044 0.012594 0.009167 0.005833
Francais802.024r.tif 0.013784 0.011194 0.007500 0.005833
Francais802.024v.tif 0.011278 0.016291 0.007500 0.006667
Francais802.025r.tif 0.016109 0.007435 0.008333 0.005833
Francais802.025v.tif 0.011278 0.012376 0.007500 0.006667
Francais802.026r.tif 0.013547 0.008621 0.005833 0.006667
Francais802.026v.tif 0.007491 0.014981 0.009167 0.009167
Francais802.027r.tif 0.013547 0.011180 0.010833 0.008333
Francais802.027v.tif 0.011292 0.013802 0.007500 0.008333
Francais802.028r.tif 0.016089 0.007426 0.007500 0.008333
Francais802.028v.tif 0.011292 0.007557 0.009167 0.005000
Francais802.029r.tif 0.018610 0.008685 0.006667 0.007500
Francais802.029v.tif 0.011292 0.012469 0.008333 0.005000
Francais802.030r.tif 0.009913 0.012392 0.010000 0.005000
Francais802.030v.tif 0.013614 0.008663 0.015833 0.014167
Francais802.031r.tif 0.013836 0.008805 0.008333 0.007500
Francais802.031v.tif 0.018270 0.009744 0.014167 0.005000
Francais802.032r.tif 0.011349 0.008805 0.008333 0.007500
Francais802.032v.tif 0.008827 0.013871 0.009167 0.005833
Francais802.033r.tif 0.016189 0.007472 0.007500 0.007500
Francais802.033v.tif 0.008850 0.006321 0.010000 0.005833
Francais802.034r.tif 0.012376 0.007426 0.008333 0.005833
Francais802.034v.tif 0.010283 0.008997 0.010000 0.006667
Francais802.035r.tif 0.013802 0.010038 0.008333 0.008333
Francais802.035v.tif 0.016497 0.012690 0.009167 0.005000
Francais802.036r.tif 0.013802 0.012500 0.009167 0.006667
Francais802.036v.tif 0.010191 0.014013 0.010833 0.005000
Francais802.037r.tif 0.010191 0.011307 0.006667 0.006667
Francais802.037v.tif 0.012579 0.021384 0.009167 0.005833
Francais802.038r.tif 0.013767 0.011307 0.006667 0.006667
Francais802.038v.tif 0.008816 0.013854 0.010000 0.006667
Francais802.039r.tif 0.012723 0.007634 0.007500 0.008333
Francais802.039v.tif 0.012531 0.013854 0.008333 0.005000
Francais802.040r.tif 0.013924 0.006329 0.010000 0.007500
Francais802.040v.tif 0.007528 0.013854 0.007500 0.007500
Francais802.041r.tif 0.010191 0.008917 0.008333 0.007500
Francais802.041v.tif 0.012484 0.009988 0.009167 0.005000
Francais802.042r.tif 0.012376 0.011139 0.007500 0.006667
Francais802.042v.tif 0.015171 0.011378 0.008333 0.007500
Francais802.043r.tif 0.018939 0.011139 0.007500 0.010000
Francais802.043v.tif 0.010038 0.011378 0.008333 0.002500
Francais802.044r.tif 0.018939 0.012270 0.007500 0.009167
Francais802.044v.tif 0.011264 0.011264 0.010833 0.005833
Francais802.045r.tif 0.013648 0.011166 0.009167 0.008333
Francais802.045v.tif 0.012610 0.017654 0.009167 0.008333
Francais802.046r.tif 0.006329 0.009851 0.010000 0.006667
Francais802.046v.tif 0.008872 0.012674 0.009167 0.006667
Francais802.047r.tif 0.011264 0.012516 0.008333 0.008333
Francais802.047v.tif 0.010076 0.012674 0.008333 0.007500
Francais802.048r.tif 0.015287 0.010191 0.008333 0.010000
Francais802.048v.tif 0.014944 0.006227 0.015000 0.010000
Francais802.049r.tif 0.012469 0.014963 0.010000 0.007500
Francais802.049v.tif 0.008940 0.011494 0.008333 0.006667
Francais802.050r.tif 0.013784 0.008772 0.009167 0.007500
Francais802.050v.tif 0.007624 0.011494 0.006667 0.008333
Francais802.051r.tif 0.013784 0.008772 0.009167 0.005833
Francais802.051v.tif 0.012547 0.008783 0.009167 0.005000
Francais802.052r.tif 0.013802 0.010038 0.009167 0.008333
Francais802.052v.tif 0.012547 0.008783 0.009167 0.004167
Francais802.053r.tif 0.014981 0.007491 0.007500 0.007500
Francais802.053v.tif 0.010025 0.012531 0.009167 0.006667
Francais802.054r.tif 0.012531 0.010025 0.010833 0.008333
Francais802.054v.tif 0.008805 0.007547 0.010833 0.007500
Francais802.055r.tif 0.006227 0.012453 0.010000 0.007500
Francais802.055v.tif 0.012531 0.007547 0.009167 0.007500
Francais802.056r.tif 0.012563 0.008794 0.008333 0.009167
Francais802.056v.tif 0.008685 0.017370 0.007500 0.006667
Francais802.057r.tif 0.012563 0.013784 0.008333 0.006667
Francais802.057v.tif 0.016332 0.012563 0.008333 0.006667
Francais802.058r.tif 0.012563 0.010152 0.008333 0.008333
Francais802.058v.tif 0.013924 0.011392 0.010000 0.006667
Francais802.059r.tif 0.012563 0.010152 0.008333 0.007500
Francais802.059v.tif 0.013924 0.006337 0.010833 0.007500
Francais802.060r.tif 0.005000 0.007500 0.008333 0.009167
Francais802.060v.tif 0.013924 0.011222 0.008333 0.008333
Francais802.061r.tif 0.005013 0.010025 0.010000 0.008333
Francais802.061v.tif 0.015019 0.010013 0.010000 0.006667
Francais802.062r.tif 0.007509 0.011264 0.007500 0.003333
Francais802.062v.tif 0.011292 0.012547 0.010000 0.005000
Francais802.063r.tif 0.007509 0.014963 0.008333 0.006667
Francais802.063v.tif 0.008805 0.012547 0.008333 0.007500
Francais802.064r.tif 0.015038 0.011278 0.008333 0.008333
Francais802.064v.tif 0.012531 0.012547 0.009167 0.002500
Francais802.065r.tif 0.003764 0.010038 0.008333 0.006667
Francais802.065v.tif 0.012531 0.012547 0.010833 0.009167
Francais802.066r.tif 0.011236 0.011236 0.008333 0.009167
Francais802.066v.tif 0.007566 0.008827 0.007500 0.007500
Francais802.067r.tif 0.011236 0.010025 0.003333 0.007500
Francais802.067v.tif 0.012690 0.011421 0.008333 0.007500
Francais802.068r.tif 0.002494 0.013716 0.009167 0.004167
Francais802.068v.tif 0.012690 0.013784 0.009167 0.005833
Francais802.069r.tif 0.009938 0.011180 0.008333 0.008333
Francais802.069v.tif 0.008761 0.007509 0.010833 0.006667
Francais802.070r.tif 0.013716 0.011180 0.008333 0.008333
Francais802.070v.tif 0.013959 0.007614 0.009167 0.006667
Francais802.071r.tif 0.010088 0.010088 0.009167 0.006667
Francais802.071v.tif 0.012642 0.015171 0.010000 0.006667
Francais802.072r.tif 0.010088 0.012610 0.009167 0.010000
Francais802.072v.tif 0.014031 0.006378 0.010000 0.009167
Francais802.073r.tif 0.012642 0.011378 0.008333 0.008333
Francais802.073v.tif 0.014031 0.008951 0.010833 0.008333
Francais802.074r.tif 0.008906 0.008906 0.011667 0.008333
Francais802.074v.tif 0.011421 0.007614 0.009167 0.006667
Francais802.075r.tif 0.011349 0.008906 0.009167 0.007500
Francais802.075v.tif 0.012658 0.011392 0.010000 0.006667
Francais802.076r.tif 0.008895 0.010165 0.011667 0.009167
Francais802.076v.tif 0.010038 0.008783 0.006667 0.006667
Francais802.077r.tif 0.015287 0.008917 0.009167 0.008333
Francais802.077v.tif 0.013942 0.011407 0.010833 0.005833
Francais802.078r.tif 0.011364 0.007576 0.006667 0.007500
Francais802.078v.tif 0.011465 0.011407 0.010000 0.002500
Francais802.079r.tif 0.012674 0.011407 0.008333 0.004167
Francais802.079v.tif 0.011465 0.011407 0.008333 0.000000
Francais802.080r.tif 0.012674 0.011407 0.008333 0.002500
Francais802.080v.tif 0.011465 0.012771 0.010000 0.005833
Francais802.081r.tif 0.007673 0.010230 0.007500 0.008333
Francais802.081v.tif 0.012755 0.012771 0.008333 0.006667
Francais802.082r.tif 0.010152 0.011421 0.009167 0.010000
Francais802.082v.tif 0.011538 0.011538 0.008333 0.007500
Francais802.083r.tif 0.010152 0.011421 0.007500 0.007500
Francais802.083v.tif 0.010230 0.010230 0.010000 0.005000
Francais802.084r.tif 0.012739 0.007643 0.009167 0.008333
Francais802.084v.tif 0.012642 0.012642 0.010000 0.005833
Francais802.085r.tif 0.015190 0.011392 0.009167 0.006667
Francais802.085v.tif 0.010063 0.005031 0.008333 0.008333
Francais802.086r.tif 0.016456 0.008861 0.010000 0.008333
Francais802.086v.tif 0.013648 0.012407 0.008333 0.008333
Francais802.087r.tif 0.011436 0.007624 0.010833 0.009167
Francais802.087v.tif 0.013648 0.007557 0.010000 0.008333
Francais802.088r.tif 0.014085 0.008963 0.010000 0.008333
Francais802.088v.tif 0.007752 0.007557 0.010000 0.007500
Francais802.089r.tif 0.016518 0.010165 0.008333 0.004167
Francais802.089v.tif 0.003836 0.006394 0.006667 0.006667
Francais802.090r.tif 0.016518 0.010165 0.009167 0.005000
Francais802.090v.tif 0.013614 0.014851 0.008333 0.007500
Francais802.091r.tif 0.012804 0.010243 0.009167 0.006667
Francais802.091v.tif 0.006353 0.005083 0.009167 0.005000
Francais802.092r.tif 0.010256 0.014103 0.009167 0.009167
Francais802.092v.tif 0.015132 0.010088 0.006667 0.007500
Francais802.093r.tif 0.010256 0.014066 0.009167 0.005000
Francais802.093v.tif 0.012706 0.008895 0.007500 0.005833
Francais802.094r.tif 0.012853 0.008997 0.011667 0.003333
Francais802.094v.tif 0.012706 0.012788 0.009167 0.008333
Francais802.095r.tif 0.004981 0.012453 0.008333 0.020000
Francais802.095v.tif 0.012706 0.007605 0.010833 0.007500
Francais802.096r.tif 0.015248 0.007624 0.007500 0.009167
Francais802.096v.tif 0.012706 0.011392 0.008333 0.006667
Francais802.097r.tif 0.014013 0.012739 0.007500 0.004167
Francais802.097v.tif 0.012706 0.008827 0.008333 0.006667
Francais802.098r.tif 0.011509 0.011509 0.007500 0.009167
Francais802.098v.tif 0.012788 0.008827 0.008333 0.005833
Francais802.099r.tif 0.011509 0.011029 0.008333 0.015000
Francais802.099v.tif 0.013942 0.008827 0.007500 0.006667
Francais802.100r.tif 0.011509 0.011378 0.007500 0.008333
Francais802.100v.tif 0.009975 0.011222 0.007500 0.008333
Francais802.101r.tif 0.011509 0.007624 0.008333 0.008333
Francais802.101v.tif 0.009975 0.011222 0.007500 0.008333
Francais802.102r.tif 0.010270 0.010270 0.010000 0.007500
Francais802.102v.tif 0.009975 0.006402 0.009167 0.005000
Francais802.103r.tif 0.014085 0.008963 0.006667 0.006667
Francais802.103v.tif 0.014049 0.006402 0.009167 0.009167
Francais802.104r.tif 0.017789 0.009071 0.010000 0.005834
Francais802.104v.tif 0.006468 0.006402 0.008333 0.008333
Francais802.105r.tif 0.012690 0.011421 0.008333 0.007500
Francais802.105v.tif 0.010243 0.010243 0.010000 0.009167
Francais802.106r.tif 0.008850 0.012642 0.012500 0.006667
Francais802.106v.tif 0.012771 0.006386 0.008333 0.008333
Francais802.107r.tif 0.008850 0.008861 0.008333 0.006667
Francais802.107v.tif 0.011538 0.002564 0.009167 0.008333
Francais802.108r.tif 0.012739 0.012739 0.011667 0.007500
Francais802.108v.tif 0.011538 0.005161 0.010000 0.009167
Francais802.109r.tif 0.010217 0.008940 0.008333 0.008333
Francais802.109v.tif 0.014013 0.010191 0.008333 0.010000
Francais802.110r.tif 0.016332 0.011307 0.008333 0.008333
Francais802.110v.tif 0.011450 0.010191 0.008333 0.006667
Francais802.111r.tif 0.013802 0.011292 0.007500 0.007500
Francais802.111v.tif 0.010178 0.008906 0.009167 0.010000
Francais802.112r.tif 0.017722 0.011292 0.007500 0.008333
Francais802.112v.tif 0.011450 0.008906 0.007500 0.005833
Francais802.113r.tif 0.012610 0.011292 0.008333 0.006667
Francais802.113v.tif 0.011450 0.016456 0.008333 0.009167
Francais802.114r.tif 0.020177 0.011292 0.008333 0.008333
Francais802.114v.tif 0.010165 0.008895 0.008333 0.006667
Francais802.115r.tif 0.017522 0.012516 0.008333 0.005833
Francais802.115v.tif 0.010165 0.008895 0.008333 0.006667
Francais802.116r.tif 0.016373 0.012516 0.007500 0.010833
Francais802.116v.tif 0.012723 0.008895 0.008333 0.007500
Francais802.117r.tif 0.016373 0.010063 0.007500 0.007500
Francais802.117v.tif 0.008974 0.010256 0.006667 0.008333
Francais802.118r.tif 0.016373 0.010063 0.009167 0.009167
Francais802.118v.tif 0.012837 0.010256 0.010000 0.008333
Francais802.119r.tif 0.007576 0.011364 0.009167 0.007500
Francais802.119v.tif 0.012837 0.002554 0.007500 0.008333
Francais802.120r.tif 0.017677 0.011364 0.009167 0.009167
Francais802.120v.tif 0.014049 0.006386 0.010833 0.009167
Francais802.121r.tif 0.013959 0.012690 0.009167 0.010833
Francais802.121v.tif 0.014049 0.006386 0.006667 0.006667
Francais802.122r.tif 0.018892 0.011335 0.007500 0.008333
Francais802.122v.tif 0.011524 0.001280 0.008333 0.007500
Francais802.123r.tif 0.018892 0.011335 0.009167 0.006667
Francais802.123v.tif 0.016456 0.007595 0.009167 0.005833
Francais802.124r.tif 0.015132 0.010088 0.008333 0.009167
Francais802.124v.tif 0.016456 0.001271 0.009167 0.007500
Francais802.125r.tif 0.015132 0.010127 0.009167 0.009167
Francais802.125v.tif 0.012853 0.006427 0.008333 0.009167
Francais802.126r.tif 0.015132 0.007682 0.007500 0.009167
Francais802.126v.tif 0.012853 0.006427 0.008333 0.005833
Francais802.127r.tif 0.015075 0.010050 0.007500 0.008333
Francais802.127v.tif 0.014157 0.006427 0.006667 0.008333
Francais802.128r.tif 0.015075 0.012723 0.009167 0.009167
Francais802.128v.tif 0.011509 0.006427 0.007500 0.005833
Francais802.129r.tif 0.015075 0.012723 0.005833 0.008333
Francais802.129v.tif 0.013959 0.006427 0.007500 0.005833
Francais802.130r.tif 0.007557 0.010076 0.010000 0.009167
Francais802.130v.tif 0.013959 0.010230 0.010000 0.005833
Francais802.131r.tif 0.025094 0.010105 0.006667 0.005833
Francais802.131v.tif 0.013959 0.007663 0.009167 0.008333
Francais802.132r.tif 0.007576 0.012626 0.007500 0.007500
Francais802.132v.tif 0.013959 0.011364 0.009167 0.007500
Francais802.133r.tif 0.017544 0.010025 0.007500 0.007500
Francais802.133v.tif 0.011494 0.005109 0.010000 0.009167
Francais802.134r.tif 0.007624 0.011436 0.010000 0.009167
Francais802.134v.tif 0.014031 0.006378 0.008333 0.006667
Francais802.135r.tif 0.014963 0.011222 0.008333 0.007500
Francais802.135v.tif 0.012594 0.010076 0.008333 0.008333
Francais802.136r.tif 0.010127 0.008861 0.008333 0.007500
Francais802.136v.tif 0.012594 0.010076 0.008333 0.005833
Francais802.137r.tif 0.018727 0.009988 0.006667 0.005833
Francais802.137v.tif 0.013871 0.005044 0.008333 0.005833
Francais802.138r.tif 0.010063 0.007547 0.008333 0.009167
Francais802.138v.tif 0.013871 0.010127 0.010000 0.008333
Francais802.139r.tif 0.018680 0.009963 0.008333 0.007500
Francais802.139v.tif 0.013871 0.012594 0.010833 0.008333
Francais802.140r.tif 0.013784 0.007519 0.006667 0.007500
Francais802.140v.tif 0.013871 0.007595 0.008333 0.006667
Francais802.141r.tif 0.013784 0.008794 0.006667 0.007500
Francais802.141v.tif 0.012610 0.007595 0.008333 0.008333
Francais802.142r.tif 0.016149 0.009938 0.007500 0.007500
Francais802.142v.tif 0.012610 0.013871 0.010000 0.007500
Francais802.143r.tif 0.016250 0.007500 0.008333 0.008333
Francais802.143v.tif 0.010088 0.011349 0.007500 0.007500
Francais802.144r.tif 0.018634 0.011180 0.010000 0.005000
Francais802.144v.tif 0.012610 0.001261 0.005000 0.008333
Francais802.145r.tif 0.018634 0.011180 0.006667 0.008333
Francais802.145v.tif 0.012610 0.013665 0.005833 0.005000
Francais802.146r.tif 0.011349 0.009807 0.010000 0.006667
Francais802.146v.tif 0.013924 0.008861 0.006667 0.009167
Francais802.endmatter.flyleaf.01r.tif 0.011349 0.007344 0.009167 0.009167
Francais802.endmatter.flyleaf.01v.tif 0.011043 0.008861 0.006667 0.005000
Francais802.endmatter.flyleaf.02r.tif 0.016847 0.010830 0.005833 0.008333
Francais802.endmatter.flyleaf.02v.tif 0.012255 0.008578 0.007500 0.007500
Francais802.endmatter.flyleaf.03r.tif 0.016847 0.010830 0.007500 0.009167
Francais802.endmatter.flyleaf.03v.tif 0.012255 0.008578 0.009167 0.005000
Francais802.endmatter.flyleaf.04r.tif 0.012240 0.010830 0.010833 0.009167
Francais802.endmatter.flyleaf.04v.tif 0.014670 0.008578 0.010000 0.009167
Francais802.endmatter.pastedown.tif 0.008393 0.013189 0.008333 0.008333
Francais802.binding.backcover.tif 0.011696 0.008578 0.009167 0.005833
Francais802.binding.spine.tif 0.054645 0.054645 0.010833 0.008333
Francais802.misc.color.tif 0.008149 0.010477 0.007500 0.005833
