Douce332.binding.frontcover.tif 0.045614 0.050292 0.053333 0.069167
Douce332.frontmatter.pastedown.tif 0.034965 0.046620 0.026667 0.062500
Douce332.frontmatter.flyleaf.01r.tif 0.045614 0.065711 0.066667 0.080000
Douce332.frontmatter.flyleaf.01v.tif 0.016787 0.029976 0.040833 0.059167
Douce332.frontmatter.flyleaf.02r.tif 0.045614 0.059737 0.066667 0.083333
Douce332.frontmatter.flyleaf.02v.tif 0.040767 0.029976 0.040833 0.062500
Douce332.001r.tif 0.053763 0.069295 0.060833 0.077500
Douce332.001v.tif 0.041916 0.040719 0.048333 0.063333
Douce332.002r.tif 0.078853 0.065711 0.063333 0.081667
Douce332.002v.tif 0.034442 0.060570 0.044167 0.061667
Douce332.003r.tif 0.069295 0.069295 0.068333 0.086667
Douce332.003v.tif 0.047506 0.048694 0.045000 0.063333
Douce332.004r.tif 0.066906 0.081243 0.066667 0.078333
Douce332.004v.tif 0.047506 0.055819 0.042500 0.060000
Douce332.005r.tif 0.071685 0.081243 0.068333 0.085833
Douce332.005v.tif 0.052257 0.048694 0.057500 0.069167
Douce332.006r.tif 0.070490 0.077658 0.072500 0.079167
Douce332.006v.tif 0.042424 0.033939 0.040833 0.065833
Douce332.007r.tif 0.075269 0.064516 0.063333 0.081667
Douce332.007v.tif 0.033939 0.040000 0.030833 0.067500
Douce332.008r.tif 0.071685 0.064516 0.064167 0.081667
Douce332.008v.tif 0.036364 0.036364 0.038333 0.064167
Douce332.009r.tif 0.074074 0.065711 0.061667 0.080833
Douce332.009v.tif 0.049697 0.035152 0.035833 0.068333
Douce332.010r.tif 0.084827 0.070490 0.067500 0.073333
Douce332.010v.tif 0.046061 0.030303 0.040000 0.068333
Douce332.011r.tif 0.083632 0.069295 0.061667 0.080000
Douce332.011v.tif 0.043636 0.047273 0.036667 0.071667
Douce332.012r.tif 0.056304 0.055080 0.045000 0.060833
Douce332.012v.tif 0.044848 0.043636 0.037500 0.067500
Douce332.013r.tif 0.054414 0.053204 0.044167 0.055833
Douce332.013v.tif 0.042424 0.044848 0.038333 0.065833
Douce332.014r.tif 0.056790 0.055556 0.049167 0.066667
Douce332.014v.tif 0.047273 0.046061 0.036667 0.067500
Douce332.015r.tif 0.053086 0.056790 0.046667 0.065833
Douce332.015v.tif 0.047315 0.044757 0.066667 0.092500
Douce332.016r.tif 0.043210 0.051852 0.048333 0.065000
Douce332.016v.tif 0.059394 0.038788 0.043333 0.068333
Douce332.017r.tif 0.050617 0.055556 0.051667 0.065000
Douce332.017v.tif 0.064242 0.037576 0.044167 0.070000
Douce332.018r.tif 0.067901 0.050617 0.052500 0.065000
Douce332.018v.tif 0.067879 0.033939 0.041667 0.063333
Douce332.019r.tif 0.061174 0.048689 0.047500 0.065000
Douce332.019v.tif 0.043050 0.051661 0.040000 0.070000
Douce332.020r.tif 0.072409 0.048689 0.053333 0.071667
Douce332.020v.tif 0.039900 0.039900 0.042500 0.070000
Douce332.021r.tif 0.066167 0.049938 0.050833 0.077500
Douce332.021v.tif 0.042394 0.038653 0.040833 0.069167
Douce332.022r.tif 0.049305 0.053097 0.050833 0.072500
Douce332.022v.tif 0.036160 0.034913 0.045833 0.072500
Douce332.023r.tif 0.037927 0.053097 0.049167 0.068333
Douce332.023v.tif 0.042394 0.032419 0.047500 0.074167
Douce332.024r.tif 0.039191 0.054362 0.050000 0.069167
Douce332.024v.tif 0.034913 0.039900 0.049167 0.076667
Douce332.025r.tif 0.067485 0.060123 0.050833 0.066667
Douce332.025v.tif 0.046135 0.037406 0.047500 0.070833
Douce332.026r.tif 0.052761 0.060123 0.049167 0.064167
Douce332.026v.tif 0.039900 0.036160 0.047500 0.072500
Douce332.027r.tif 0.068712 0.050307 0.045833 0.068333
Douce332.027v.tif 0.053616 0.033666 0.045833 0.075833
Douce332.028r.tif 0.072393 0.056442 0.048333 0.065000
Douce332.028v.tif 0.056110 0.038653 0.049167 0.074167
Douce332.029r.tif 0.060123 0.062577 0.048333 0.064167
Douce332.029v.tif 0.062344 0.039900 0.046667 0.071667
Douce332.030r.tif 0.073620 0.058896 0.049167 0.070833
Douce332.030v.tif 0.055623 0.051995 0.040000 0.069167
Douce332.031r.tif 0.072393 0.062577 0.053333 0.069167
Douce332.031v.tif 0.064087 0.037485 0.040000 0.069167
Douce332.032r.tif 0.083436 0.056442 0.053333 0.069167
Douce332.032v.tif 0.044010 0.056235 0.043333 0.065833
Douce332.033r.tif 0.083436 0.051534 0.050000 0.063333
Douce332.033v.tif 0.053790 0.045232 0.041667 0.070000
Douce332.034r.tif 0.079755 0.063804 0.054167 0.072500
Douce332.034v.tif 0.053790 0.053790 0.047500 0.070000
Douce332.035r.tif 0.068712 0.051534 0.050833 0.062500
Douce332.035v.tif 0.055012 0.045232 0.042500 0.070000
Douce332.036r.tif 0.084663 0.051534 0.051667 0.065833
Douce332.036v.tif 0.052567 0.048900 0.038333 0.072500
Douce332.037r.tif 0.053885 0.053885 0.046667 0.065833
Douce332.037v.tif 0.055351 0.051661 0.035833 0.070000
Douce332.038r.tif 0.055138 0.053885 0.046667 0.066667
Douce332.038v.tif 0.046740 0.046740 0.035000 0.070833
Douce332.039r.tif 0.053885 0.053885 0.046667 0.060833
Douce332.039v.tif 0.055351 0.044280 0.034167 0.071667
Douce332.040r.tif 0.061404 0.051378 0.044167 0.061667
Douce332.040v.tif 0.059041 0.045510 0.037500 0.070000
Douce332.041r.tif 0.046835 0.051899 0.040000 0.065000
Douce332.041v.tif 0.056581 0.041820 0.039167 0.071667
Douce332.042r.tif 0.042471 0.051480 0.045833 0.073333
Douce332.042v.tif 0.059041 0.041820 0.036667 0.070000
Douce332.043r.tif 0.043758 0.051480 0.045833 0.070000
Douce332.043v.tif 0.054121 0.045510 0.038333 0.070833
Douce332.044r.tif 0.050193 0.047619 0.046667 0.071667
Douce332.044v.tif 0.057811 0.044280 0.035000 0.071667
Douce332.045r.tif 0.051480 0.050193 0.044167 0.074167
Douce332.045v.tif 0.076261 0.040590 0.035833 0.068333
Douce332.046r.tif 0.048906 0.054054 0.044167 0.074167
Douce332.046v.tif 0.063961 0.040590 0.039167 0.073333
Douce332.047r.tif 0.045045 0.050193 0.045000 0.076667
Douce332.047v.tif 0.068881 0.046740 0.038333 0.070833
Douce332.048r.tif 0.036036 0.052767 0.044167 0.074167
Douce332.048v.tif 0.062731 0.043050 0.039167 0.068333
Douce332.049r.tif 0.046332 0.054054 0.044167 0.074167
Douce332.049v.tif 0.048387 0.050868 0.036667 0.073333
Douce332.050r.tif 0.039897 0.050193 0.040000 0.075000
Douce332.050v.tif 0.050868 0.043424 0.034167 0.073333
Douce332.051r.tif 0.050193 0.056628 0.044167 0.070000
Douce332.051v.tif 0.052109 0.044665 0.031667 0.073333
Douce332.052r.tif 0.052097 0.044473 0.049167 0.067500
Douce332.052v.tif 0.054591 0.042184 0.032500 0.072500
Douce332.053r.tif 0.045743 0.049555 0.048333 0.070000
Douce332.053v.tif 0.052109 0.044665 0.033333 0.074167
Douce332.054r.tif 0.055909 0.045743 0.050000 0.070833
Douce332.054v.tif 0.060794 0.043424 0.032500 0.072500
Douce332.055r.tif 0.055909 0.047014 0.052500 0.066667
Douce332.055v.tif 0.050868 0.043424 0.033333 0.075000
Douce332.056r.tif 0.049555 0.041931 0.048333 0.067500
Douce332.056v.tif 0.066998 0.033499 0.037500 0.070000
Douce332.057r.tif 0.050826 0.048285 0.050833 0.068333
Douce332.057v.tif 0.053350 0.049628 0.028333 0.078333
Douce332.058r.tif 0.050826 0.057179 0.050000 0.068333
Douce332.058v.tif 0.048387 0.047146 0.030833 0.078333
Douce332.059r.tif 0.063532 0.066074 0.055000 0.070833
Douce332.059v.tif 0.052109 0.039702 0.032500 0.078333
Douce332.060r.tif 0.054638 0.044473 0.054167 0.068333
Douce332.060v.tif 0.052109 0.040943 0.030833 0.077500
Douce332.061r.tif 0.050129 0.051414 0.053333 0.072500
Douce332.061v.tif 0.054591 0.045906 0.029167 0.078333
Douce332.062r.tif 0.038560 0.048843 0.050000 0.072500
Douce332.062v.tif 0.060794 0.043424 0.029167 0.080000
Douce332.063r.tif 0.044987 0.055270 0.052500 0.075000
Douce332.063v.tif 0.055831 0.042184 0.029167 0.077500
Douce332.064r.tif 0.039846 0.053985 0.049167 0.075000
Douce332.064v.tif 0.050868 0.044665 0.031667 0.079167
Douce332.065r.tif 0.042416 0.051414 0.051667 0.075000
Douce332.065v.tif 0.058313 0.045906 0.030833 0.075833
Douce332.066r.tif 0.038560 0.051414 0.050833 0.074167
Douce332.066v.tif 0.060794 0.040943 0.035000 0.076667
Douce332.067r.tif 0.057841 0.056555 0.048333 0.074167
Douce332.067v.tif 0.057072 0.040943 0.033333 0.078333
Douce332.068r.tif 0.039846 0.061697 0.052500 0.076667
Douce332.068v.tif 0.053659 0.042683 0.030000 0.074167
Douce332.069r.tif 0.047558 0.056555 0.053333 0.076667
Douce332.069v.tif 0.060976 0.051220 0.030833 0.075000
Douce332.070r.tif 0.061697 0.059126 0.053333 0.075833
Douce332.070v.tif 0.060976 0.052439 0.029167 0.074167
Douce332.071r.tif 0.056555 0.060411 0.050000 0.079167
Douce332.071v.tif 0.092683 0.025610 0.027500 0.073333
Douce332.072r.tif 0.043702 0.068123 0.048333 0.075000
Douce332.072v.tif 0.043915 0.047679 0.035000 0.074167
Douce332.073r.tif 0.050129 0.068123 0.052500 0.078333
Douce332.073v.tif 0.046424 0.046424 0.035000 0.079167
Douce332.074r.tif 0.050129 0.061697 0.049167 0.080000
Douce332.074v.tif 0.045169 0.046424 0.037500 0.080000
Douce332.075r.tif 0.055270 0.059126 0.046667 0.077500
Douce332.075v.tif 0.065245 0.041405 0.040833 0.074167
Douce332.076r.tif 0.024155 0.000000 0.000000 0.000000
Douce332.076v.tif 0.061481 0.041405 0.040833 0.073333
Douce332.077r.tif 0.052699 0.066838 0.047500 0.079167
Douce332.077v.tif 0.057716 0.038896 0.042500 0.074167
Douce332.078r.tif 0.057841 0.064267 0.050000 0.079167
Douce332.078v.tif 0.065245 0.045169 0.045000 0.073333
Douce332.079r.tif 0.059126 0.066838 0.049167 0.080000
Douce332.079v.tif 0.066499 0.043915 0.044167 0.073333
Douce332.080r.tif 0.050129 0.051414 0.081667 0.042500
Douce332.080v.tif 0.051122 0.057357 0.032500 0.082500
Douce332.081r.tif 0.055270 0.062982 0.052500 0.069167
Douce332.081v.tif 0.049875 0.057357 0.031667 0.083333
Douce332.082r.tif 0.045045 0.070785 0.051667 0.072500
Douce332.082v.tif 0.053616 0.057357 0.034167 0.086667
Douce332.083r.tif 0.043758 0.068211 0.051667 0.069167
Douce332.083v.tif 0.053616 0.057357 0.032500 0.079167
Douce332.084r.tif 0.036036 0.072072 0.050833 0.069167
Douce332.084v.tif 0.058603 0.059850 0.034167 0.080833
Douce332.085r.tif 0.042471 0.075933 0.050833 0.078333
Douce332.085v.tif 0.052369 0.056110 0.027500 0.087500
Douce332.086r.tif 0.037323 0.077220 0.050000 0.074167
Douce332.086v.tif 0.047382 0.062344 0.029167 0.083333
Douce332.087r.tif 0.038610 0.073359 0.050833 0.074167
Douce332.087v.tif 0.044888 0.057357 0.031667 0.089167
Douce332.088r.tif 0.041184 0.066924 0.044167 0.070833
Douce332.088v.tif 0.062500 0.045000 0.037500 0.076667
Douce332.089r.tif 0.052767 0.072072 0.051667 0.072500
Douce332.089v.tif 0.067500 0.048750 0.044167 0.072500
Douce332.090r.tif 0.060489 0.063063 0.051667 0.070833
Douce332.090v.tif 0.067500 0.041250 0.044167 0.076667
Douce332.091r.tif 0.050193 0.051480 0.051667 0.068333
Douce332.091v.tif 0.067500 0.053750 0.039167 0.075000
Douce332.092r.tif 0.056628 0.060489 0.054167 0.070000
Douce332.092v.tif 0.067500 0.043750 0.039167 0.075833
Douce332.093r.tif 0.057915 0.056628 0.052500 0.065000
Douce332.093v.tif 0.063750 0.038750 0.040833 0.071667
Douce332.094r.tif 0.060489 0.056628 0.050000 0.065000
Douce332.094v.tif 0.056747 0.040353 0.030833 0.080000
Douce332.095r.tif 0.052767 0.047619 0.044167 0.067500
Douce332.095v.tif 0.060530 0.039092 0.035000 0.078333
Douce332.096r.tif 0.051480 0.056628 0.046667 0.071667
Douce332.096v.tif 0.058008 0.040353 0.032500 0.080000
Douce332.097r.tif 0.056209 0.044444 0.056667 0.076667
Douce332.097v.tif 0.064313 0.050441 0.031667 0.080833
Douce332.098r.tif 0.060131 0.054902 0.056667 0.077500
Douce332.098v.tif 0.056747 0.045397 0.032500 0.078333
Douce332.099r.tif 0.065359 0.053595 0.054167 0.077500
Douce332.099v.tif 0.055485 0.039092 0.034167 0.082500
Douce332.100r.tif 0.048366 0.031373 0.050000 0.074167
Douce332.100v.tif 0.052369 0.054863 0.034167 0.075000
Douce332.101r.tif 0.044444 0.040523 0.050000 0.074167
Douce332.101v.tif 0.056110 0.051122 0.032500 0.077500
Douce332.102r.tif 0.057516 0.035294 0.051667 0.073333
Douce332.102v.tif 0.054863 0.051122 0.032500 0.077500
Douce332.103r.tif 0.041830 0.037908 0.052500 0.075833
Douce332.103v.tif 0.052369 0.047382 0.031667 0.081667
Douce332.104r.tif 0.049673 0.036601 0.047500 0.074167
Douce332.104v.tif 0.057357 0.051122 0.031667 0.075833
Douce332.105r.tif 0.054902 0.040523 0.047500 0.074167
Douce332.105v.tif 0.058603 0.048628 0.033333 0.075833
Douce332.106r.tif 0.061438 0.037908 0.050000 0.075833
Douce332.106v.tif 0.059850 0.048628 0.031667 0.075833
Douce332.107r.tif 0.047059 0.033987 0.050000 0.075833
Douce332.107v.tif 0.064838 0.048628 0.032500 0.074167
Douce332.108r.tif 0.057516 0.040523 0.050833 0.075000
Douce332.108v.tif 0.062344 0.042394 0.034167 0.078333
Douce332.109r.tif 0.058824 0.035294 0.047500 0.076667
Douce332.109v.tif 0.063591 0.038653 0.032500 0.077500
Douce332.110r.tif 0.054902 0.036601 0.050000 0.070000
Douce332.110v.tif 0.072319 0.033666 0.033333 0.071667
Douce332.111r.tif 0.054902 0.030065 0.049167 0.074167
Douce332.111v.tif 0.073566 0.036160 0.035000 0.075000
Douce332.112r.tif 0.062745 0.035294 0.050000 0.074167
Douce332.112v.tif 0.076060 0.041147 0.034167 0.071667
Douce332.113r.tif 0.056209 0.036601 0.050833 0.071667
Douce332.113v.tif 0.074813 0.037406 0.032500 0.073333
Douce332.114r.tif 0.064052 0.039216 0.050833 0.073333
Douce332.114v.tif 0.000000 0.000000 0.000833 0.027500
Douce332.115r.tif 0.062745 0.043137 0.048333 0.076667
Douce332.116r.tif 0.053595 0.037908 0.045833 0.080000
Douce332.116v.tif 0.056890 0.046776 0.036667 0.075000
Douce332.117r.tif 0.054902 0.039216 0.047500 0.075000
Douce332.117v.tif 0.055626 0.054362 0.035833 0.075000
Douce332.118r.tif 0.054902 0.033987 0.047500 0.075000
Douce332.118v.tif 0.055626 0.048040 0.034167 0.073333
Douce332.119r.tif 0.056209 0.039216 0.049167 0.076667
Douce332.119v.tif 0.059418 0.044248 0.037500 0.072500
Douce332.120r.tif 0.064052 0.039216 0.047500 0.073333
Douce332.120v.tif 0.059269 0.056747 0.033333 0.080000
Douce332.121r.tif 0.057516 0.033987 0.048333 0.075833
Douce332.121v.tif 0.056747 0.056747 0.031667 0.078333
Douce332.122r.tif 0.049159 0.060802 0.052500 0.073333
Douce332.122v.tif 0.060530 0.058008 0.035833 0.082500
Douce332.123r.tif 0.047865 0.059508 0.050833 0.075000
Douce332.123v.tif 0.059269 0.056747 0.032500 0.079167
Douce332.124r.tif 0.054334 0.058215 0.048333 0.072500
Douce332.124v.tif 0.060530 0.051702 0.034167 0.079167
Douce332.125r.tif 0.051746 0.058215 0.049167 0.074167
Douce332.125v.tif 0.066835 0.050441 0.035833 0.076667
Douce332.126r.tif 0.055627 0.060802 0.048333 0.074167
Douce332.126v.tif 0.068096 0.047919 0.035833 0.078333
Douce332.127r.tif 0.045278 0.056921 0.050000 0.072500
Douce332.127v.tif 0.070618 0.041614 0.035833 0.075833
Douce332.128r.tif 0.061381 0.067775 0.057500 0.080833
Douce332.128v.tif 0.069357 0.050441 0.035000 0.075833
Douce332.129r.tif 0.060802 0.055627 0.049167 0.074167
Douce332.129v.tif 0.061069 0.044529 0.041667 0.079167
Douce332.130r.tif 0.060802 0.053040 0.051667 0.073333
Douce332.130v.tif 0.062341 0.047074 0.040833 0.077500
Douce332.131r.tif 0.060802 0.053040 0.050833 0.072500
Douce332.131v.tif 0.064885 0.043257 0.041667 0.078333
Douce332.132r.tif 0.047865 0.054334 0.052500 0.070833
Douce332.132v.tif 0.067430 0.040712 0.044167 0.076667
Douce332.133r.tif 0.046572 0.055627 0.052500 0.073333
Douce332.133v.tif 0.072519 0.030534 0.048333 0.075000
Douce332.134r.tif 0.054334 0.058215 0.050833 0.073333
Douce332.134v.tif 0.069975 0.031807 0.046667 0.073333
Douce332.135r.tif 0.058215 0.051746 0.050000 0.070833
Douce332.135v.tif 0.046036 0.054987 0.040833 0.080000
Douce332.136r.tif 0.055627 0.049159 0.052500 0.071667
Douce332.136v.tif 0.047315 0.052430 0.041667 0.080000
Douce332.137r.tif 0.055627 0.053040 0.052500 0.070833
Douce332.137v.tif 0.049872 0.051151 0.040833 0.078333
Douce332.138r.tif 0.055627 0.050453 0.054167 0.071667
Douce332.138v.tif 0.051151 0.051151 0.043333 0.080000
Douce332.139r.tif 0.049096 0.056848 0.051667 0.068333
Douce332.139v.tif 0.048593 0.052430 0.039167 0.075833
Douce332.140r.tif 0.041344 0.060724 0.049167 0.068333
Douce332.140v.tif 0.051151 0.047315 0.039167 0.075000
Douce332.141r.tif 0.038760 0.059432 0.050833 0.067500
Douce332.141v.tif 0.049872 0.052430 0.040833 0.075000
Douce332.142r.tif 0.042636 0.060724 0.051667 0.070000
Douce332.142v.tif 0.051151 0.051151 0.041667 0.076667
Douce332.143r.tif 0.043928 0.063307 0.050833 0.069167
Douce332.143v.tif 0.053708 0.049872 0.039167 0.074167
Douce332.144r.tif 0.051680 0.051680 0.053333 0.063333
Douce332.144v.tif 0.065839 0.048447 0.032500 0.075000
Douce332.145r.tif 0.043928 0.051680 0.053333 0.063333
Douce332.145v.tif 0.067081 0.044720 0.031667 0.075833
Douce332.146r.tif 0.046512 0.051680 0.050833 0.065000
Douce332.146v.tif 0.067081 0.045963 0.031667 0.074167
Douce332.147r.tif 0.047804 0.051680 0.050833 0.063333
Douce332.147v.tif 0.072050 0.045963 0.030833 0.075000
Douce332.148r.tif 0.052972 0.047804 0.050000 0.066667
Douce332.148v.tif 0.074534 0.038509 0.030833 0.071667
Douce332.149r.tif 0.046512 0.047804 0.050833 0.070833
Douce332.149v.tif 0.000000 0.029268 0.000000 0.000000
Douce332.150r.tif 0.049096 0.047804 0.049167 0.069167
Douce332.150v.tif 0.074534 0.042236 0.033333 0.072500
Douce332.151r.tif 0.058140 0.049096 0.050000 0.067500
Douce332.151v.tif 0.075776 0.040994 0.030833 0.070000
Douce332.152r.tif 0.065891 0.049096 0.050833 0.070000
Douce332.152v.tif 0.077019 0.037267 0.034167 0.069167
Douce332.153r.tif 0.056848 0.046512 0.050833 0.069167
Douce332.153v.tif 0.070807 0.038509 0.031667 0.073333
Douce332.154r.tif 0.056848 0.047804 0.048333 0.070833
Douce332.154v.tif 0.072050 0.038509 0.031667 0.071667
Douce332.155r.tif 0.056848 0.042636 0.050000 0.069167
Douce332.155v.tif 0.072050 0.033540 0.030833 0.070833
Douce332.156r.tif 0.059432 0.041344 0.050833 0.071667
Douce332.156v.tif 0.070807 0.039752 0.032500 0.070000
Douce332.157r.tif 0.060837 0.050697 0.046667 0.065000
Douce332.157v.tif 0.078261 0.028571 0.031667 0.070000
Douce332.158r.tif 0.054499 0.050697 0.045000 0.065000
Douce332.158v.tif 0.069565 0.026087 0.033333 0.067500
Douce332.159r.tif 0.062104 0.051965 0.047500 0.066667
Douce332.159v.tif 0.040921 0.049872 0.036667 0.073333
Douce332.160r.tif 0.060837 0.046895 0.047500 0.068333
Douce332.160v.tif 0.043478 0.046036 0.037500 0.075000
Douce332.161r.tif 0.067174 0.050697 0.047500 0.066667
Douce332.161v.tif 0.040921 0.044757 0.035833 0.073333
Douce332.162r.tif 0.070976 0.043093 0.050833 0.064167
Douce332.162v.tif 0.059850 0.034913 0.035000 0.068333
Douce332.163r.tif 0.072243 0.046895 0.050833 0.065833
Douce332.163v.tif 0.061097 0.034913 0.035000 0.067500
Douce332.164r.tif 0.068441 0.043093 0.049167 0.067500
Douce332.164v.tif 0.059850 0.037406 0.035000 0.067500
Douce332.165r.tif 0.076046 0.044360 0.047500 0.066667
Douce332.165v.tif 0.066085 0.038653 0.033333 0.065833
Douce332.166r.tif 0.067174 0.038023 0.047500 0.069167
Douce332.166v.tif 0.062344 0.037406 0.034167 0.068333
Douce332.167r.tif 0.047074 0.061069 0.045833 0.065000
Douce332.167v.tif 0.053952 0.041405 0.030000 0.071667
Douce332.168r.tif 0.044529 0.059796 0.048333 0.065833
Douce332.168v.tif 0.053952 0.040151 0.030000 0.070833
Douce332.169r.tif 0.009852 0.000000 0.000000 0.000000
Douce332.169v.tif 0.051443 0.030113 0.029167 0.073333
Douce332.170r.tif 0.045977 0.049808 0.050833 0.072500
Douce332.170v.tif 0.056462 0.033877 0.029167 0.072500
Douce332.171r.tif 0.056194 0.045977 0.049167 0.072500
Douce332.171v.tif 0.051443 0.030113 0.030833 0.071667
Douce332.172r.tif 0.049808 0.044700 0.050000 0.070833
Douce332.172v.tif 0.045169 0.032622 0.026667 0.072500
Douce332.173r.tif 0.060026 0.043423 0.049167 0.071667
Douce332.173v.tif 0.041405 0.033877 0.028333 0.075000
Douce332.174r.tif 0.057716 0.052698 0.045833 0.067500
Douce332.174v.tif 0.041985 0.031807 0.033333 0.074167
Douce332.175r.tif 0.062735 0.051443 0.045833 0.066667
Douce332.175v.tif 0.040712 0.022901 0.033333 0.074167
Douce332.176r.tif 0.063990 0.056462 0.046667 0.066667
Douce332.176v.tif 0.041985 0.024173 0.034167 0.074167
Douce332.177r.tif 0.069009 0.046424 0.048333 0.066667
Douce332.177v.tif 0.040151 0.041405 0.028333 0.073333
Douce332.178r.tif 0.066499 0.051443 0.045000 0.070000
Douce332.178v.tif 0.042660 0.040151 0.029167 0.074167
Douce332.179r.tif 0.065245 0.043915 0.042500 0.070000
Douce332.179v.tif 0.038896 0.037641 0.030000 0.071667
Douce332.180r.tif 0.062735 0.048934 0.041667 0.070000
Douce332.180v.tif 0.041405 0.033877 0.029167 0.072500
Douce332.181r.tif 0.063990 0.042660 0.041667 0.071667
Douce332.181v.tif 0.036386 0.041405 0.025000 0.075000
Douce332.182r.tif 0.063990 0.042660 0.044167 0.070833
Douce332.182v.tif 0.030113 0.031368 0.025833 0.075000
Douce332.183r.tif 0.067754 0.043915 0.044167 0.071667
Douce332.183v.tif 0.035132 0.028858 0.026667 0.075000
Douce332.184r.tif 0.071518 0.041405 0.043333 0.072500
Douce332.184v.tif 0.036386 0.032622 0.027500 0.075000
Douce332.185r.tif 0.070263 0.035132 0.045000 0.073333
Douce332.185v.tif 0.037641 0.037641 0.026667 0.075000
Douce332.186r.tif 0.084065 0.036386 0.042500 0.073333
Douce332.186v.tif 0.036386 0.028858 0.026667 0.073333
Douce332.187r.tif 0.064968 0.048408 0.052500 0.070833
Douce332.187v.tif 0.031368 0.031368 0.026667 0.073333
Douce332.188r.tif 0.066242 0.042038 0.051667 0.070833
Douce332.188v.tif 0.040244 0.037805 0.026667 0.061667
Douce332.189r.tif 0.064968 0.039490 0.053333 0.074167
Douce332.189v.tif 0.039024 0.028049 0.030833 0.060833
Douce332.190r.tif 0.064968 0.034395 0.052500 0.071667
Douce332.190v.tif 0.037805 0.036585 0.028333 0.058333
Douce332.191r.tif 0.062420 0.030573 0.041667 0.075000
Douce332.191v.tif 0.039024 0.032927 0.027500 0.058333
Douce332.192r.tif 0.057325 0.034395 0.043333 0.075000
Douce332.192v.tif 0.037805 0.028049 0.025833 0.060000
Douce332.193r.tif 0.054777 0.025478 0.050000 0.077500
Douce332.193v.tif 0.036585 0.026829 0.026667 0.059167
Douce332.194r.tif 0.066242 0.034395 0.050000 0.076667
Douce332.194v.tif 0.036585 0.024390 0.025833 0.059167
Douce332.195r.tif 0.056051 0.019108 0.047500 0.076667
Douce332.195v.tif 0.034146 0.025610 0.026667 0.059167
Douce332.endmatter.flyleaf.01r.tif 0.057935 0.045340 0.047500 0.070000
Douce332.endmatter.flyleaf.01v.tif 0.026829 0.023171 0.027500 0.059167
Douce332.endmatter.flyleaf.02r.tif 0.057935 0.032746 0.074167 0.042500
Douce332.endmatter.flyleaf.02v.tif 0.051745 0.042118 0.035000 0.075000
Douce332.endmatter.pastedown.tif 0.027446 0.048926 0.035833 0.053333
Douce332.binding.backcover.tif 0.035294 0.025882 0.020833 0.057500
Douce332.misc.colorbar.tif 0.041766 0.048926 0.058333 0.042500
Douce332.misc.colorbar10.tif 0.012673 0.016129 0.023333 0.022500
Douce332.misc.colorbar11.tif 0.070034 0.010333 0.019167 0.024167
Douce332.misc.colorbar12.tif 0.012673 0.016129 0.028333 0.022500
Douce332.misc.colorbar13.tif 0.070034 0.010333 0.019167 0.024167
Douce332.misc.colorbar14.tif 0.012673 0.016129 0.016667 0.022500
Douce332.misc.colorbar2.tif 0.070034 0.010333 0.032500 0.035000
Douce332.misc.colorbar3.tif 0.029748 0.016129 0.031667 0.030000
Douce332.misc.colorbar4.tif 0.033295 0.025258 0.037500 0.035000
Douce332.misc.colorbar5.tif 0.029748 0.016129 0.031667 0.030000
Douce332.misc.colorbar6.tif 0.033295 0.025258 0.037500 0.035000
Douce332.misc.colorbar7.tif 0.029748 0.016129 0.031667 0.030000
Douce332.misc.colorbar8.tif 0.019767 0.025258 0.030833 0.035000
Douce332.misc.colorbar9.tif 0.019767 0.025258 0.030833 0.035000
