Francais805.binding.frontcover.tif 0.011853 0.012931 0.010000 0.010000
Francais805.frontmatter.pastedown.tif 0.014085 0.004334 0.005833 0.010000
Francais805.frontmatter.flyleaf.01r.tif 0.011853 0.012075 0.008333 0.006667
Francais805.frontmatter.flyleaf.01v.tif 0.005669 0.004334 0.005833 0.005000
Francais805.frontmatter.flyleaf.02r.tif 0.011853 0.006726 0.006667 0.008333
Francais805.frontmatter.flyleaf.02v.tif 0.010216 0.004334 0.005833 0.006667
Francais805.001r.tif 0.011853 0.010078 0.008333 0.006667
Francais805.001v.tif 0.012415 0.010158 0.008333 0.006667
Francais805.002r.tif 0.011853 0.011062 0.006667 0.005000
Francais805.002v.tif 0.006857 0.005714 0.008333 0.005833
Francais805.003r.tif 0.011853 0.005593 0.005000 0.005000
Francais805.003v.tif 0.011614 0.008130 0.006667 0.006667
Francais805.004r.tif 0.011853 0.012291 0.010000 0.006667
Francais805.004v.tif 0.009019 0.012401 0.006667 0.006667
Francais805.005r.tif 0.013274 0.007743 0.004167 0.005000
Francais805.005v.tif 0.012387 0.010135 0.004167 0.005000
Francais805.006r.tif 0.013274 0.007743 0.004167 0.003333
Francais805.006v.tif 0.010262 0.010135 0.005833 0.005833
Francais805.007r.tif 0.012263 0.002230 0.005833 0.000000
Francais805.007v.tif 0.011494 0.003448 0.005833 0.009167
Francais805.008r.tif 0.012263 0.004489 0.008333 0.007500
Francais805.008v.tif 0.006849 0.006849 0.005833 0.007500
Francais805.009r.tif 0.012263 0.010033 0.008333 0.007500
Francais805.009v.tif 0.010239 0.006849 0.004167 0.002500
Francais805.010r.tif 0.012263 0.013304 0.004167 0.005000
Francais805.010v.tif 0.011416 0.009132 0.005833 0.005000
Francais805.011r.tif 0.015748 0.003375 0.002500 0.005000
Francais805.011v.tif 0.006772 0.011287 0.005833 0.000000
Francais805.012r.tif 0.012318 0.003375 0.005833 0.005000
Francais805.012v.tif 0.004556 0.009112 0.005833 0.004167
Francais805.013r.tif 0.012318 0.007919 0.008333 0.007500
Francais805.013v.tif 0.012500 0.006818 0.003333 0.004167
Francais805.014r.tif 0.016779 0.010067 0.008333 0.005000
Francais805.014v.tif 0.011249 0.011249 0.005833 0.005833
Francais805.015r.tif 0.014574 0.008969 0.008333 0.005000
Francais805.015v.tif 0.014756 0.007946 0.005833 0.006667
Francais805.016r.tif 0.017857 0.006696 0.008333 0.003333
Francais805.016v.tif 0.013621 0.017026 0.006667 0.005833
Francais805.017r.tif 0.005643 0.006696 0.007500 0.004167
Francais805.017v.tif 0.007982 0.012543 0.004167 0.004167
Francais805.018r.tif 0.005631 0.009009 0.007500 0.008333
Francais805.018v.tif 0.003417 0.006834 0.005833 0.005833
Francais805.019r.tif 0.013453 0.010090 0.008333 0.005000
Francais805.019v.tif 0.008028 0.009174 0.009167 0.006667
Francais805.020r.tif 0.013453 0.005618 0.005833 0.005833
Francais805.020v.tif 0.006889 0.005741 0.005000 0.010833
Francais805.021r.tif 0.017857 0.005618 0.005833 0.008333
Francais805.021v.tif 0.009040 0.010169 0.007500 0.000833
Francais805.022r.tif 0.012277 0.008929 0.008333 0.001667
Francais805.022v.tif 0.014874 0.005721 0.010000 0.008333
Francais805.023r.tif 0.006674 0.008929 0.008333 0.008333
Francais805.023v.tif 0.005760 0.002304 0.004167 0.005000
Francais805.024r.tif 0.007804 0.008929 0.006667 0.007500
Francais805.024v.tif 0.006897 0.010345 0.006667 0.006667
Francais805.025r.tif 0.015660 0.004474 0.008333 0.010000
Francais805.025v.tif 0.007955 0.001136 0.004167 0.005000
Francais805.026r.tif 0.017817 0.004474 0.009167 0.005000
Francais805.026v.tif 0.012443 0.012443 0.007500 0.004167
Francais805.027r.tif 0.011161 0.003348 0.008333 0.000000
Francais805.027v.tif 0.009070 0.017007 0.008333 0.008333
Francais805.028r.tif 0.014444 0.007778 0.006667 0.006667
Francais805.028v.tif 0.006897 0.005747 0.008333 0.003333
Francais805.029r.tif 0.016667 0.006667 0.005000 0.005833
Francais805.029v.tif 0.011416 0.012557 0.005833 0.009167
Francais805.030r.tif 0.012263 0.006667 0.008333 0.005000
Francais805.030v.tif 0.011236 0.012360 0.006667 0.002500
Francais805.031r.tif 0.016630 0.004435 0.007500 0.005833
Francais805.031v.tif 0.006818 0.006818 0.007500 0.005000
Francais805.032r.tif 0.008859 0.004435 0.006667 0.002500
Francais805.032v.tif 0.009029 0.007901 0.008333 0.004167
Francais805.033r.tif 0.015784 0.004435 0.010833 0.002500
Francais805.033v.tif 0.011312 0.013575 0.007500 0.001667
Francais805.034r.tif 0.012236 0.011123 0.008333 0.005000
Francais805.034v.tif 0.009101 0.000000 0.008333 0.002500
Francais805.035r.tif 0.014208 0.009836 0.005833 0.005833
Francais805.035v.tif 0.007928 0.009060 0.002500 0.002500
Francais805.036r.tif 0.006682 0.008909 0.007500 0.008333
Francais805.036v.tif 0.010147 0.011274 0.005833 0.007500
Francais805.037r.tif 0.006682 0.007821 0.005000 0.007500
Francais805.037v.tif 0.010147 0.010124 0.007500 0.006667
Francais805.038r.tif 0.014509 0.010045 0.000833 0.009167
Francais805.038v.tif 0.006795 0.010193 0.009167 0.005000
Francais805.039r.tif 0.014509 0.006659 0.005000 0.003333
Francais805.039v.tif 0.011299 0.010193 0.004167 0.003333
Francais805.040r.tif 0.015573 0.006659 0.005833 0.003333
Francais805.040v.tif 0.013699 0.013699 0.009167 0.005833
Francais805.041r.tif 0.013158 0.010965 0.007500 0.005000
Francais805.041v.tif 0.009029 0.016930 0.004167 0.003333
Francais805.042r.tif 0.012182 0.008859 0.006667 0.008333
Francais805.042v.tif 0.012557 0.003425 0.007500 0.005833
Francais805.043r.tif 0.004410 0.004410 0.002500 0.002500
Francais805.043v.tif 0.012557 0.011261 0.004167 0.004167
Francais805.044r.tif 0.007735 0.007735 0.007500 0.002500
Francais805.044v.tif 0.012557 0.007928 0.004167 0.000833
Francais805.045r.tif 0.008840 0.012155 0.002500 0.004167
Francais805.045v.tif 0.004510 0.018038 0.008333 0.005000
Francais805.046r.tif 0.016538 0.006615 0.008333 0.007500
Francais805.046v.tif 0.011287 0.011287 0.004167 0.000000
Francais805.047r.tif 0.007752 0.008859 0.005000 0.005833
Francais805.047v.tif 0.008065 0.004608 0.009167 0.006667
Francais805.048r.tif 0.003356 0.006711 0.004167 0.008333
Francais805.048v.tif 0.011312 0.018100 0.003333 0.004167
Francais805.049r.tif 0.005531 0.006711 0.005833 0.008333
Francais805.049v.tif 0.007964 0.002275 0.006667 0.008333
Francais805.050r.tif 0.002240 0.004479 0.010000 0.009167
Francais805.050v.tif 0.012615 0.002275 0.008333 0.008333
Francais805.051r.tif 0.014239 0.007667 0.007500 0.006667
Francais805.051v.tif 0.011325 0.004530 0.005833 0.006667
Francais805.052r.tif 0.012101 0.007667 0.005833 0.008333
Francais805.052v.tif 0.009101 0.004530 0.006667 0.004167
Francais805.053r.tif 0.006645 0.004430 0.005833 0.004167
Francais805.053v.tif 0.014493 0.012263 0.008333 0.006667
Francais805.054r.tif 0.002217 0.008869 0.005833 0.007500
Francais805.054v.tif 0.015891 0.002270 0.010833 0.008333
Francais805.055r.tif 0.007726 0.008869 0.005833 0.007500
Francais805.055v.tif 0.011416 0.000000 0.002500 0.007500
Francais805.056r.tif 0.007726 0.008869 0.007500 0.008333
Francais805.056v.tif 0.013544 0.002257 0.009167 0.008333
Francais805.057r.tif 0.012168 0.011062 0.007500 0.007500
Francais805.057v.tif 0.010112 0.011236 0.005833 0.007500
Francais805.058r.tif 0.012209 0.007769 0.008333 0.005000
Francais805.058v.tif 0.012514 0.009101 0.006667 0.007500
Francais805.059r.tif 0.008811 0.007769 0.005833 0.007500
Francais805.059v.tif 0.011223 0.008979 0.009167 0.007500
Francais805.060r.tif 0.012075 0.012075 0.010000 0.007500
Francais805.060v.tif 0.012443 0.010181 0.007500 0.007500
Francais805.061r.tif 0.008869 0.005543 0.006667 0.005000
Francais805.061v.tif 0.010147 0.009019 0.007500 0.005833
Francais805.062r.tif 0.004435 0.007761 0.008333 0.005833
Francais805.062v.tif 0.014673 0.003386 0.006667 0.005833
Francais805.063r.tif 0.002215 0.007761 0.009167 0.003333
Francais805.063v.tif 0.008009 0.003432 0.008333 0.004167
Francais805.064r.tif 0.004410 0.009923 0.008333 0.008333
Francais805.064v.tif 0.010216 0.011351 0.009167 0.005833
Francais805.065r.tif 0.004420 0.009923 0.008333 0.006667
Francais805.065v.tif 0.005650 0.013559 0.010000 0.005000
Francais805.066r.tif 0.008696 0.008696 0.005833 0.005833
Francais805.066v.tif 0.010078 0.000000 0.005000 0.005833
Francais805.067r.tif 0.002200 0.008696 0.005833 0.005833
Francais805.067v.tif 0.008969 0.004484 0.010833 0.006667
Francais805.068r.tif 0.004367 0.005459 0.006667 0.002500
Francais805.068v.tif 0.011211 0.007848 0.005833 0.005000
Francais805.069r.tif 0.006623 0.004415 0.009167 0.007500
Francais805.069v.tif 0.008959 0.007839 0.007500 0.004167
Francais805.070r.tif 0.000000 0.011038 0.006667 0.006667
Francais805.070v.tif 0.011274 0.005637 0.007500 0.005000
Francais805.071r.tif 0.007659 0.011038 0.005833 0.007500
Francais805.071v.tif 0.011274 0.004505 0.007500 0.003333
Francais805.072r.tif 0.009890 0.011038 0.005833 0.007500
Francais805.072v.tif 0.011274 0.005663 0.005833 0.005000
Francais805.073r.tif 0.009890 0.006615 0.008333 0.007500
Francais805.073v.tif 0.007991 0.004566 0.010000 0.006667
Francais805.074r.tif 0.005459 0.004367 0.006667 0.005000
Francais805.074v.tif 0.006742 0.010112 0.008333 0.004167
Francais805.075r.tif 0.010953 0.009858 0.006667 0.009167
Francais805.075v.tif 0.011325 0.005663 0.010000 0.005833
Francais805.076r.tif 0.004362 0.009858 0.004167 0.005833
Francais805.076v.tif 0.010181 0.001131 0.005833 0.005000
Francais805.077r.tif 0.005441 0.009858 0.007500 0.002500
Francais805.077v.tif 0.010181 0.001131 0.007500 0.009167
Francais805.078r.tif 0.009815 0.009858 0.005833 0.004167
Francais805.078v.tif 0.010181 0.004410 0.007500 0.007500
Francais805.079r.tif 0.013129 0.005470 0.005833 0.004167
Francais805.079v.tif 0.008743 0.005464 0.004167 0.007500
Francais805.080r.tif 0.013129 0.007658 0.007500 0.004167
Francais805.080v.tif 0.007692 0.003297 0.006667 0.003333
Francais805.081r.tif 0.008850 0.009956 0.007500 0.004167
Francais805.081v.tif 0.007778 0.003297 0.005000 0.005833
Francais805.082r.tif 0.008850 0.009956 0.008333 0.003333
Francais805.082v.tif 0.009825 0.005459 0.004167 0.001666
Francais805.083r.tif 0.002215 0.008859 0.007500 0.003333
Francais805.083v.tif 0.004420 0.002210 0.004167 0.003333
Francais805.084r.tif 0.008772 0.010965 0.006667 0.005833
Francais805.084v.tif 0.012035 0.012035 0.007500 0.005833
Francais805.085r.tif 0.000000 0.008859 0.007500 0.005833
Francais805.085v.tif 0.009890 0.009890 0.008333 0.004167
Francais805.086r.tif 0.005568 0.007795 0.007500 0.006667
Francais805.086v.tif 0.011013 0.005507 0.004167 0.004167
Francais805.087r.tif 0.004410 0.007718 0.005000 0.004167
Francais805.087v.tif 0.009967 0.006645 0.008333 0.003333
Francais805.088r.tif 0.007709 0.011013 0.008333 0.005000
Francais805.088v.tif 0.007786 0.003337 0.007500 0.002500
Francais805.089r.tif 0.007667 0.004381 0.006667 0.004167
Francais805.089v.tif 0.007584 0.013001 0.006667 0.005000
Francais805.090r.tif 0.006586 0.004381 0.009167 0.005833
Francais805.090v.tif 0.011025 0.003308 0.008333 0.007500
Francais805.091r.tif 0.011025 0.008820 0.007500 0.006667
Francais805.091v.tif 0.003311 0.001104 0.005833 0.006667
Francais805.092r.tif 0.015267 0.013086 0.006667 0.004167
Francais805.092v.tif 0.010953 0.005476 0.006667 0.005000
Francais805.093r.tif 0.006637 0.004425 0.010833 0.005833
Francais805.093v.tif 0.012115 0.005476 0.007500 0.006667
Francais805.094r.tif 0.013201 0.005501 0.009167 0.003333
Francais805.094v.tif 0.014239 0.005476 0.002500 0.006667
Francais805.095r.tif 0.007609 0.009783 0.005000 0.003333
Francais805.095v.tif 0.012168 0.000000 0.006667 0.008333
Francais805.096r.tif 0.010823 0.011905 0.010000 0.004167
Francais805.096v.tif 0.012168 0.006529 0.003333 0.002500
Francais805.097r.tif 0.013216 0.008811 0.005833 0.002500
Francais805.097v.tif 0.012168 0.006529 0.005833 0.005000
Francais805.098r.tif 0.006726 0.000000 0.007500 0.007500
Francais805.098v.tif 0.008889 0.006529 0.005000 0.005833
Francais805.099r.tif 0.007795 0.006682 0.007500 0.002500
Francais805.099v.tif 0.008889 0.000000 0.007500 0.004167
Francais805.100r.tif 0.012182 0.006682 0.009167 0.006667
Francais805.100v.tif 0.013348 0.005562 0.005833 0.005000
Francais805.101r.tif 0.008820 0.008820 0.009167 0.004167
Francais805.101v.tif 0.006772 0.005562 0.009167 0.015000
Francais805.102r.tif 0.004449 0.008820 0.008333 0.007500
Francais805.102v.tif 0.011223 0.000000 0.009167 0.002500
Francais805.103r.tif 0.007709 0.008820 0.005000 0.003333
Francais805.103v.tif 0.011223 0.011074 0.005833 0.005833
Francais805.104r.tif 0.007709 0.008820 0.005000 0.003333
Francais805.104v.tif 0.011223 0.001117 0.006667 0.009167
Francais805.105r.tif 0.002247 0.006742 0.009167 0.005000
Francais805.105v.tif 0.013393 0.001117 0.005833 0.005833
Francais805.106r.tif 0.007718 0.012128 0.008333 0.004167
Francais805.106v.tif 0.011148 0.006689 0.004167 0.003333
Francais805.107r.tif 0.011136 0.008909 0.008333 0.008333
Francais805.107v.tif 0.011148 0.006689 0.008333 0.005833
Francais805.108r.tif 0.007726 0.007726 0.008333 0.003333
Francais805.108v.tif 0.008979 0.006689 0.006667 0.005833
Francais805.109r.tif 0.008879 0.005549 0.008333 0.002500
Francais805.109v.tif 0.012195 0.002217 0.005833 0.005833
Francais805.110r.tif 0.008879 0.007856 0.008333 0.005833
Francais805.110v.tif 0.012195 0.002217 0.005833 0.005833
Francais805.111r.tif 0.008879 0.007856 0.006667 0.004167
Francais805.111v.tif 0.010135 0.004505 0.009167 0.003333
Francais805.112r.tif 0.013289 0.008859 0.006667 0.006667
Francais805.112v.tif 0.012458 0.004505 0.009167 0.004167
Francais805.113r.tif 0.005537 0.005537 0.007500 0.008333
Francais805.113v.tif 0.010011 0.004505 0.006667 0.005833
Francais805.114r.tif 0.005537 0.008820 0.008333 0.006667
Francais805.114v.tif 0.008859 0.009967 0.009167 0.006667
Francais805.115r.tif 0.007718 0.005513 0.007500 0.004167
Francais805.115v.tif 0.008859 0.008939 0.005833 0.003333
Francais805.116r.tif 0.005447 0.009804 0.007500 0.006667
Francais805.116v.tif 0.008859 0.006734 0.005833 0.005000
Francais805.117r.tif 0.010893 0.007625 0.007500 0.004167
Francais805.117v.tif 0.008859 0.012304 0.005833 0.008333
Francais805.118r.tif 0.013158 0.007625 0.005833 0.004167
Francais805.118v.tif 0.011198 0.006719 0.006667 0.006667
Francais805.119r.tif 0.007667 0.007625 0.004167 0.002500
Francais805.119v.tif 0.008909 0.010022 0.006667 0.007500
Francais805.120r.tif 0.007667 0.009868 0.010000 0.003333
Francais805.120v.tif 0.013319 0.006659 0.005000 0.002500
Francais805.121r.tif 0.013172 0.004391 0.006667 0.003333
Francais805.121v.tif 0.005537 0.008859 0.005833 0.004167
Francais805.122r.tif 0.011025 0.011025 0.009167 0.005000
Francais805.122v.tif 0.012346 0.000000 0.008333 0.005833
Francais805.123r.tif 0.011025 0.008850 0.005000 0.006667
Francais805.123v.tif 0.009132 0.000000 0.010000 0.005833
Francais805.124r.tif 0.014461 0.007786 0.004167 0.006667
Francais805.124v.tif 0.011287 0.000000 0.008333 0.005000
Francais805.125r.tif 0.015642 0.007786 0.006667 0.005833
Francais805.125v.tif 0.011287 0.000000 0.010000 0.005000
Francais805.126r.tif 0.005599 0.007786 0.008333 0.006667
Francais805.126v.tif 0.011287 0.003382 0.006667 0.005000
Francais805.127r.tif 0.013201 0.007786 0.009167 0.005000
Francais805.127v.tif 0.011287 0.003382 0.011667 0.008333
Francais805.128r.tif 0.019672 0.005464 0.004167 0.004167
Francais805.128v.tif 0.011287 0.003382 0.005833 0.001667
Francais805.129r.tif 0.015368 0.003293 0.005833 0.007500
Francais805.129v.tif 0.011287 0.011186 0.009167 0.005833
Francais805.130r.tif 0.003319 0.007743 0.007500 0.005000
Francais805.130v.tif 0.013468 0.006734 0.007500 0.006667
Francais805.131r.tif 0.016358 0.005453 0.005000 0.005000
Francais805.131v.tif 0.013468 0.010078 0.005833 0.005833
Francais805.132r.tif 0.008820 0.007718 0.010000 0.004167
Francais805.132v.tif 0.013468 0.012249 0.010833 0.000000
Francais805.133r.tif 0.018702 0.003300 0.005000 0.007500
Francais805.133v.tif 0.006734 0.006637 0.005000 0.006667
Francais805.134r.tif 0.018702 0.006557 0.007500 0.004167
Francais805.134v.tif 0.010090 0.006637 0.008333 0.003333
Francais805.135r.tif 0.017544 0.000000 0.007500 0.002500
Francais805.135v.tif 0.007769 0.015538 0.009167 0.004167
Francais805.136r.tif 0.014317 0.003304 0.007500 0.005000
Francais805.136v.tif 0.011123 0.006674 0.004167 0.004167
Francais805.137r.tif 0.013274 0.008850 0.006667 0.005000
Francais805.137v.tif 0.014590 0.010101 0.009167 0.005833
Francais805.138r.tif 0.013304 0.008869 0.006667 0.005000
Francais805.138v.tif 0.007946 0.003405 0.009167 0.005833
Francais805.139r.tif 0.005476 0.006572 0.006667 0.004167
Francais805.139v.tif 0.008899 0.004449 0.005833 0.007500
Francais805.140r.tif 0.006719 0.005599 0.008333 0.005833
Francais805.140v.tif 0.012304 0.004449 0.003333 0.005833
Francais805.141r.tif 0.014365 0.009945 0.008333 0.004167
Francais805.141v.tif 0.007769 0.012209 0.004167 0.005833
Francais805.142r.tif 0.007752 0.009945 0.010833 0.007500
Francais805.142v.tif 0.007769 0.004469 0.005000 0.005833
Francais805.143r.tif 0.007752 0.010045 0.007500 0.005833
Francais805.143v.tif 0.004515 0.004469 0.008333 0.006667
Francais805.144r.tif 0.007752 0.003344 0.007500 0.005833
Francais805.144v.tif 0.010067 0.008949 0.008333 0.006667
Francais805.145r.tif 0.013363 0.011136 0.014167 0.003333
Francais805.145v.tif 0.013304 0.008949 0.008333 0.006667
Francais805.endmatter.flyleaf.01r.tif 0.015625 0.007813 0.007500 0.004167
Francais805.endmatter.flyleaf.01v.tif 0.013304 0.008949 0.008333 0.006667
Francais805.endmatter.flyleaf.02r.tif 0.015625 0.006674 0.007500 0.005833
Francais805.endmatter.flyleaf.02v.tif 0.009945 0.008949 0.010000 0.005000
Francais805.endmatter.pastedown.tif 0.021529 0.012917 0.009167 0.007500
Francais805.binding.backcover.tif 0.011665 0.018028 0.010000 0.006667
Francais805.misc.insert.002r.tif 0.014525 0.010056 0.010833 0.005000
Francais805.binding.spine.tif 0.072368 0.052632 0.007500 0.006667
Francais805.misc.color.tif 0.011828 0.006452 0.008333 0.013333
