Francais12595.binding.frontcover.tif 0.065050 0.065050 0.030833 0.047500
Francais12595.frontmatter.pastedown.tif 0.066059 0.054670 0.042500 0.045833
Francais12595.frontmatter.flyleaf.01r.tif 0.055872 0.093501 0.055000 0.050833
Francais12595.frontmatter.flyleaf.01v.tif 0.073826 0.087248 0.050833 0.051667
Francais12595.frontmatter.flyleaf.02r.tif 0.057208 0.078947 0.042500 0.049167
Francais12595.frontmatter.flyleaf.02v.tif 0.076484 0.073059 0.047500 0.051667
Francais12595.001r.tif 0.056387 0.075949 0.042500 0.050000
Francais12595.001v.tif 0.072855 0.049354 0.045833 0.050833
Francais12595.002r.tif 0.041225 0.076561 0.036667 0.050000
Francais12595.002v.tif 0.072619 0.047619 0.041667 0.051667
Francais12595.003r.tif 0.044917 0.075650 0.039167 0.048333
Francais12595.003v.tif 0.077381 0.046429 0.045833 0.052500
Francais12595.004r.tif 0.047059 0.080000 0.039167 0.055833
Francais12595.004v.tif 0.075561 0.053129 0.045000 0.054167
Francais12595.005r.tif 0.046512 0.087209 0.035833 0.058333
Francais12595.005v.tif 0.077844 0.043114 0.048333 0.048333
Francais12595.006r.tif 0.052509 0.079347 0.040000 0.048333
Francais12595.006v.tif 0.079667 0.043995 0.047500 0.055833
Francais12595.007r.tif 0.056272 0.072685 0.040833 0.048333
Francais12595.007v.tif 0.075359 0.047847 0.048333 0.051667
Francais12595.008r.tif 0.060890 0.080796 0.044167 0.051667
Francais12595.008v.tif 0.072967 0.047847 0.048333 0.050000
Francais12595.009r.tif 0.046620 0.076923 0.035000 0.049167
Francais12595.009v.tif 0.076190 0.040476 0.046667 0.048333
Francais12595.010r.tif 0.047786 0.081585 0.035000 0.048333
Francais12595.010v.tif 0.072619 0.046429 0.044167 0.053333
Francais12595.011r.tif 0.039906 0.078638 0.037500 0.049167
Francais12595.011v.tif 0.079857 0.044100 0.046667 0.049167
Francais12595.012r.tif 0.045775 0.080986 0.034167 0.051667
Francais12595.012v.tif 0.065632 0.040573 0.043333 0.046667
Francais12595.013r.tif 0.041128 0.069330 0.037500 0.046667
Francais12595.013v.tif 0.070322 0.048868 0.043333 0.049167
Francais12595.014r.tif 0.037736 0.076651 0.037500 0.048333
Francais12595.014v.tif 0.076372 0.045346 0.047500 0.049167
Francais12595.015r.tif 0.048349 0.076651 0.040000 0.046667
Francais12595.015v.tif 0.075179 0.047733 0.045833 0.050000
Francais12595.016r.tif 0.043326 0.077283 0.035833 0.050833
Francais12595.016v.tif 0.075904 0.045783 0.050000 0.047500
Francais12595.017r.tif 0.047393 0.075829 0.037500 0.045000
Francais12595.017v.tif 0.065060 0.050602 0.049167 0.049167
Francais12595.018r.tif 0.041469 0.075829 0.037500 0.046667
Francais12595.018v.tif 0.066265 0.048193 0.047500 0.051667
Francais12595.019r.tif 0.045077 0.075919 0.037500 0.047500
Francais12595.019v.tif 0.070133 0.054414 0.046667 0.045833
Francais12595.020r.tif 0.051069 0.071259 0.035000 0.047500
Francais12595.020v.tif 0.069628 0.046819 0.048333 0.047500
Francais12595.021r.tif 0.034238 0.073200 0.035000 0.050000
Francais12595.021v.tif 0.074519 0.042067 0.046667 0.048333
Francais12595.022r.tif 0.040142 0.073200 0.039167 0.045833
Francais12595.022v.tif 0.068510 0.049279 0.048333 0.047500
Francais12595.023r.tif 0.033175 0.078199 0.035000 0.047500
Francais12595.023v.tif 0.072115 0.043269 0.048333 0.047500
Francais12595.024r.tif 0.034360 0.079384 0.037500 0.045833
Francais12595.024v.tif 0.070913 0.054087 0.039167 0.048333
Francais12595.025r.tif 0.040284 0.073460 0.036667 0.045000
Francais12595.025v.tif 0.074519 0.051683 0.046667 0.050000
Francais12595.026r.tif 0.047337 0.073373 0.036667 0.047500
Francais12595.026v.tif 0.069712 0.044471 0.045833 0.051667
Francais12595.027r.tif 0.030806 0.073460 0.040000 0.046667
Francais12595.027v.tif 0.067470 0.049398 0.041667 0.043333
Francais12595.028r.tif 0.044601 0.075117 0.035833 0.045000
Francais12595.028v.tif 0.068675 0.046988 0.040000 0.046667
Francais12595.029r.tif 0.044601 0.075117 0.035000 0.048333
Francais12595.029v.tif 0.068758 0.049457 0.040000 0.046667
Francais12595.031r.tif 0.041274 0.076651 0.037500 0.046667
Francais12595.031v.tif 0.066345 0.048251 0.046667 0.046667
Francais12595.032r.tif 0.036686 0.073373 0.034167 0.043333
Francais12595.032v.tif 0.068841 0.053140 0.044167 0.046667
Francais12595.033r.tif 0.031953 0.075740 0.031667 0.045833
Francais12595.033v.tif 0.067633 0.047101 0.038333 0.045833
Francais12595.034r.tif 0.034320 0.072189 0.034167 0.047500
Francais12595.034v.tif 0.072376 0.049517 0.044167 0.045833
Francais12595.035r.tif 0.042403 0.071849 0.032500 0.043333
Francais12595.035v.tif 0.071256 0.047101 0.042500 0.045833
Francais12595.036r.tif 0.032980 0.077739 0.032500 0.044167
Francais12595.036v.tif 0.067633 0.050725 0.036667 0.048333
Francais12595.037r.tif 0.038869 0.073027 0.031667 0.045833
Francais12595.037v.tif 0.072464 0.045894 0.035000 0.045000
Francais12595.038r.tif 0.032980 0.073027 0.030000 0.045833
Francais12595.038v.tif 0.068841 0.051932 0.044167 0.048333
Francais12595.039r.tif 0.036600 0.077922 0.031667 0.046667
Francais12595.039v.tif 0.072993 0.047445 0.044167 0.048333
Francais12595.040r.tif 0.038961 0.077922 0.031667 0.047500
Francais12595.040v.tif 0.076642 0.045012 0.044167 0.048333
Francais12595.041r.tif 0.038961 0.081464 0.031667 0.049167
Francais12595.041v.tif 0.069428 0.042579 0.041667 0.045833
Francais12595.042r.tif 0.030697 0.079103 0.033333 0.046667
Francais12595.042v.tif 0.069343 0.048662 0.035000 0.049167
Francais12595.043r.tif 0.035587 0.078292 0.032500 0.050000
Francais12595.043v.tif 0.074939 0.043478 0.045833 0.046667
Francais12595.044r.tif 0.046429 0.076190 0.035833 0.046667
Francais12595.044v.tif 0.072464 0.042271 0.033333 0.048333
Francais12595.045r.tif 0.034606 0.081146 0.035000 0.048333
Francais12595.045v.tif 0.071256 0.037440 0.035833 0.048333
Francais12595.046r.tif 0.026253 0.075179 0.030833 0.045833
Francais12595.046v.tif 0.067633 0.044686 0.035833 0.045000
Francais12595.047r.tif 0.023866 0.071599 0.031667 0.045000
Francais12595.047v.tif 0.067633 0.045894 0.035833 0.046667
Francais12595.048r.tif 0.031727 0.070505 0.028333 0.048333
Francais12595.048v.tif 0.067633 0.045894 0.033333 0.046667
Francais12595.049r.tif 0.041128 0.076381 0.027500 0.049167
Francais12595.049v.tif 0.077751 0.045455 0.034167 0.050000
Francais12595.050r.tif 0.031690 0.080986 0.025833 0.050833
Francais12595.050v.tif 0.070490 0.045400 0.028333 0.048333
Francais12595.051r.tif 0.033019 0.073113 0.026667 0.048333
Francais12595.051v.tif 0.068293 0.050000 0.028333 0.046667
Francais12595.052r.tif 0.034606 0.072792 0.030833 0.045000
Francais12595.052v.tif 0.071515 0.047273 0.028333 0.050833
Francais12595.053r.tif 0.034078 0.078731 0.023333 0.045833
Francais12595.053v.tif 0.075061 0.047273 0.028333 0.047500
Francais12595.054r.tif 0.035294 0.075294 0.024167 0.049167
Francais12595.054v.tif 0.075061 0.043584 0.029167 0.049167
Francais12595.055r.tif 0.030806 0.075829 0.024167 0.046667
Francais12595.055v.tif 0.074390 0.042683 0.033333 0.047500
Francais12595.056r.tif 0.030806 0.079384 0.025000 0.048333
Francais12595.056v.tif 0.071951 0.043902 0.030833 0.048333
Francais12595.057r.tif 0.027251 0.078199 0.021667 0.049167
Francais12595.057v.tif 0.074119 0.046173 0.030833 0.048333
Francais12595.058r.tif 0.022512 0.081754 0.025833 0.047500
Francais12595.058v.tif 0.071689 0.049818 0.030833 0.046667
Francais12595.059r.tif 0.026066 0.078199 0.024167 0.046667
Francais12595.059v.tif 0.074119 0.042527 0.026667 0.048333
Francais12595.060r.tif 0.024852 0.075740 0.020833 0.048333
Francais12595.060v.tif 0.072904 0.041312 0.019167 0.052500
Francais12595.061r.tif 0.030769 0.070913 0.020000 0.047500
Francais12595.061v.tif 0.071689 0.041312 0.028333 0.047500
Francais12595.062r.tif 0.022837 0.080529 0.027500 0.049167
Francais12595.062v.tif 0.074970 0.041112 0.025833 0.050000
Francais12595.063r.tif 0.026253 0.077566 0.025833 0.050833
Francais12595.063v.tif 0.076179 0.047158 0.030000 0.051667
Francais12595.064r.tif 0.026284 0.077658 0.024167 0.052500
Francais12595.064v.tif 0.072551 0.041112 0.029167 0.049167
Francais12595.065r.tif 0.028537 0.070155 0.020833 0.050000
Francais12595.065v.tif 0.073761 0.041112 0.028333 0.050833
Francais12595.066r.tif 0.032067 0.079572 0.025833 0.050833
Francais12595.066v.tif 0.074970 0.041112 0.028333 0.050833
Francais12595.067r.tif 0.033254 0.079572 0.025000 0.048333
Francais12595.067v.tif 0.072551 0.041112 0.028333 0.047500
Francais12595.068r.tif 0.030879 0.081948 0.023333 0.050833
Francais12595.068v.tif 0.080586 0.041514 0.027500 0.049167
Francais12595.069r.tif 0.042959 0.079952 0.029167 0.050000
Francais12595.069v.tif 0.072879 0.041816 0.025833 0.050000
Francais12595.070r.tif 0.028640 0.072792 0.025000 0.049167
Francais12595.070v.tif 0.075812 0.040915 0.028333 0.050833
Francais12595.071r.tif 0.030842 0.078292 0.025833 0.048333
Francais12595.071v.tif 0.079422 0.033694 0.027500 0.050833
Francais12595.072r.tif 0.040332 0.080664 0.021667 0.050000
Francais12595.072v.tif 0.080194 0.040097 0.028333 0.052500
Francais12595.073r.tif 0.034401 0.078292 0.019167 0.050000
Francais12595.073v.tif 0.075152 0.040000 0.032500 0.050833
Francais12595.074r.tif 0.029656 0.077751 0.021667 0.048333
Francais12595.074v.tif 0.072551 0.041112 0.027500 0.050833
Francais12595.075r.tif 0.029904 0.083732 0.021667 0.052500
Francais12595.075v.tif 0.084643 0.039903 0.033333 0.051667
Francais12595.076r.tif 0.029904 0.082536 0.022500 0.047500
Francais12595.076v.tif 0.079903 0.041162 0.028333 0.048333
Francais12595.077r.tif 0.029904 0.084928 0.019167 0.047500
Francais12595.077v.tif 0.075995 0.037394 0.025000 0.048333
Francais12595.078r.tif 0.032220 0.077566 0.020833 0.051667
Francais12595.078v.tif 0.068510 0.040865 0.020833 0.045000
Francais12595.079r.tif 0.033613 0.072029 0.019167 0.044167
Francais12595.079v.tif 0.074341 0.043217 0.022500 0.049167
Francais12595.080r.tif 0.033373 0.079857 0.020833 0.045833
Francais12595.080v.tif 0.081535 0.041966 0.025833 0.049167
Francais12595.081r.tif 0.035714 0.078571 0.014167 0.050833
Francais12595.081v.tif 0.077938 0.045564 0.029167 0.046667
Francais12595.082r.tif 0.035714 0.083333 0.018333 0.049167
Francais12595.082v.tif 0.079137 0.043165 0.027500 0.046667
Francais12595.083r.tif 0.034524 0.083333 0.022500 0.045833
Francais12595.083v.tif 0.081535 0.039568 0.024167 0.048333
Francais12595.084r.tif 0.040476 0.077381 0.020833 0.048333
Francais12595.084v.tif 0.081829 0.040915 0.027500 0.050000
Francais12595.085r.tif 0.041966 0.077938 0.021667 0.048333
Francais12595.085v.tif 0.083032 0.036101 0.022500 0.051667
Francais12595.086r.tif 0.025210 0.084034 0.021667 0.049167
Francais12595.086v.tif 0.078031 0.046819 0.030000 0.052500
Francais12595.087r.tif 0.033373 0.079857 0.020833 0.052500
Francais12595.087v.tif 0.080432 0.049220 0.029167 0.051667
Francais12595.088r.tif 0.035757 0.079857 0.018333 0.048333
Francais12595.088v.tif 0.072639 0.046005 0.025833 0.050000
Francais12595.089r.tif 0.036014 0.081633 0.022500 0.050833
Francais12595.089v.tif 0.069007 0.041162 0.026667 0.050833
Francais12595.090r.tif 0.031250 0.078125 0.025833 0.050000
Francais12595.090v.tif 0.083133 0.043373 0.029167 0.052500
Francais12595.091r.tif 0.035928 0.080240 0.023333 0.047500
Francais12595.091v.tif 0.081928 0.040964 0.030000 0.051667
Francais12595.092r.tif 0.034731 0.082635 0.024167 0.050000
Francais12595.092v.tif 0.075904 0.038554 0.028333 0.049167
Francais12595.093r.tif 0.032335 0.081437 0.023333 0.047500
Francais12595.093v.tif 0.074699 0.040964 0.027500 0.047500
Francais12595.094r.tif 0.034606 0.077566 0.023333 0.046667
Francais12595.094v.tif 0.072904 0.042169 0.022500 0.046667
Francais12595.095r.tif 0.033413 0.077566 0.020000 0.047500
Francais12595.095v.tif 0.075334 0.040097 0.032500 0.045833
Francais12595.096r.tif 0.039333 0.078759 0.023333 0.048333
Francais12595.096v.tif 0.067797 0.039952 0.028333 0.045000
Francais12595.097r.tif 0.035800 0.078571 0.022500 0.048333
Francais12595.097v.tif 0.074029 0.040049 0.025000 0.047500
Francais12595.098r.tif 0.040476 0.080952 0.021667 0.051667
Francais12595.098v.tif 0.083532 0.039379 0.023333 0.049167
Francais12595.099r.tif 0.035714 0.078571 0.028333 0.048333
Francais12595.099v.tif 0.074119 0.035496 0.020833 0.053333
Francais12595.100r.tif 0.027981 0.083942 0.020833 0.053333
Francais12595.100v.tif 0.080000 0.032807 0.020833 0.050833
Francais12595.101r.tif 0.027981 0.083942 0.018333 0.053333
Francais12595.101v.tif 0.081212 0.033939 0.018333 0.052500
Francais12595.102r.tif 0.030303 0.076364 0.022500 0.049167
Francais12595.102v.tif 0.083434 0.032648 0.022500 0.049167
Francais12595.103r.tif 0.024242 0.081212 0.025833 0.050833
Francais12595.103v.tif 0.077670 0.032767 0.022500 0.050833
Francais12595.104r.tif 0.029091 0.078788 0.021667 0.049167
Francais12595.104v.tif 0.078692 0.033898 0.022500 0.050833
Francais12595.105r.tif 0.032609 0.080918 0.021667 0.052500
Francais12595.105v.tif 0.081707 0.036585 0.020833 0.050833
Francais12595.106r.tif 0.032609 0.083333 0.025000 0.049167
Francais12595.106v.tif 0.078788 0.038788 0.025833 0.050000
Francais12595.107r.tif 0.031401 0.083333 0.020000 0.050833
Francais12595.107v.tif 0.081212 0.038788 0.027500 0.050000
Francais12595.108r.tif 0.033981 0.082524 0.023333 0.048333
Francais12595.108v.tif 0.079268 0.037805 0.025833 0.050833
Francais12595.109r.tif 0.033898 0.081114 0.026667 0.047500
Francais12595.109v.tif 0.076642 0.040146 0.031667 0.050833
Francais12595.110r.tif 0.033939 0.086061 0.030000 0.049167
Francais12595.110v.tif 0.083942 0.040146 0.027500 0.050000
Francais12595.111r.tif 0.036232 0.088164 0.025000 0.047500
Francais12595.111v.tif 0.078597 0.042322 0.026667 0.047500
Francais12595.112r.tif 0.038835 0.081311 0.023333 0.050833
Francais12595.112v.tif 0.083636 0.038788 0.026667 0.050000
Francais12595.113r.tif 0.035409 0.079365 0.020000 0.056667
Francais12595.113v.tif 0.081509 0.040146 0.023333 0.053333
Francais12595.114r.tif 0.032807 0.080194 0.028333 0.050000
Francais12595.114v.tif 0.079327 0.034856 0.023333 0.047500
Francais12595.115r.tif 0.031477 0.079903 0.029167 0.048333
Francais12595.115v.tif 0.082524 0.036408 0.026667 0.050833
Francais12595.116r.tif 0.037530 0.081114 0.023333 0.051667
Francais12595.116v.tif 0.079903 0.035109 0.026667 0.049167
Francais12595.117r.tif 0.033898 0.083535 0.023333 0.052500
Francais12595.117v.tif 0.079172 0.035323 0.016667 0.050833
Francais12595.118r.tif 0.035109 0.081114 0.027500 0.052500
Francais12595.118v.tif 0.085470 0.032967 0.024167 0.051667
Francais12595.119r.tif 0.038741 0.081114 0.027500 0.048333
Francais12595.119v.tif 0.075702 0.030525 0.021667 0.048333
Francais12595.120r.tif 0.038741 0.073850 0.023333 0.051667
Francais12595.120v.tif 0.085337 0.036058 0.023333 0.050000
Francais12595.121r.tif 0.025393 0.089480 0.023333 0.053333
Francais12595.121v.tif 0.076923 0.044471 0.024167 0.050000
Francais12595.122r.tif 0.030193 0.086957 0.026667 0.050000
Francais12595.122v.tif 0.075721 0.042067 0.018333 0.047500
Francais12595.123r.tif 0.027778 0.085749 0.030000 0.049167
Francais12595.123v.tif 0.082933 0.039663 0.024167 0.050833
Francais12595.124r.tif 0.037394 0.089264 0.050833 0.053333
Francais12595.124v.tif 0.081437 0.041916 0.020833 0.048333
Francais12595.125r.tif 0.031363 0.086852 0.023333 0.053333
Francais12595.125v.tif 0.077844 0.043114 0.022500 0.050000
Francais12595.126r.tif 0.029091 0.089915 0.023333 0.052500
Francais12595.126v.tif 0.083032 0.039711 0.025000 0.049167
Francais12595.127r.tif 0.032807 0.081409 0.025833 0.047500
Francais12595.127v.tif 0.075812 0.040915 0.020000 0.050000
Francais12595.128r.tif 0.026731 0.087485 0.025000 0.050000
Francais12595.128v.tif 0.080626 0.040915 0.025000 0.046667
Francais12595.129r.tif 0.035109 0.088378 0.025000 0.050000
Francais12595.129v.tif 0.078219 0.048135 0.027500 0.045000
Francais12595.130r.tif 0.033898 0.085956 0.027500 0.048333
Francais12595.130v.tif 0.079518 0.037349 0.019167 0.050000
Francais12595.131r.tif 0.031477 0.088485 0.024167 0.051667
Francais12595.131v.tif 0.083133 0.036145 0.019167 0.053333
Francais12595.132r.tif 0.036364 0.078788 0.024167 0.050833
Francais12595.132v.tif 0.085542 0.034940 0.020000 0.050833
Francais12595.133r.tif 0.035152 0.083636 0.027500 0.047500
Francais12595.133v.tif 0.075904 0.034940 0.015000 0.053333
Francais12595.134r.tif 0.035152 0.080000 0.028333 0.050000
Francais12595.134v.tif 0.081928 0.037349 0.018333 0.050833
Francais12595.135r.tif 0.037576 0.082424 0.026667 0.049167
Francais12595.135v.tif 0.077108 0.031325 0.020000 0.050833
Francais12595.136r.tif 0.037576 0.077576 0.025000 0.049167
Francais12595.136v.tif 0.069412 0.055294 0.032500 0.040833
Francais12595.137r.tif 0.045455 0.062654 0.034167 0.040000
Francais12595.137v.tif 0.077295 0.038647 0.020833 0.050000
Francais12595.138r.tif 0.033939 0.086061 0.026667 0.051667
Francais12595.138v.tif 0.079710 0.039855 0.026667 0.050833
Francais12595.139r.tif 0.034982 0.085645 0.024167 0.048333
Francais12595.139v.tif 0.079710 0.039855 0.021667 0.049167
Francais12595.140r.tif 0.034982 0.082027 0.025833 0.046667
Francais12595.140v.tif 0.077670 0.036408 0.020000 0.047500
Francais12595.141r.tif 0.039807 0.080820 0.026667 0.044167
Francais12595.141v.tif 0.077670 0.033981 0.023333 0.045000
Francais12595.142r.tif 0.034982 0.085645 0.029167 0.045000
Francais12595.142v.tif 0.080097 0.033981 0.027500 0.045833
Francais12595.143r.tif 0.037394 0.083233 0.032500 0.040833
Francais12595.143v.tif 0.075426 0.036496 0.019167 0.050000
Francais12595.144r.tif 0.036496 0.082725 0.026667 0.050000
Francais12595.144v.tif 0.076642 0.031630 0.023333 0.048333
Francais12595.145r.tif 0.032569 0.086852 0.028333 0.049167
Francais12595.145v.tif 0.084643 0.033857 0.023333 0.050833
Francais12595.146r.tif 0.032609 0.089372 0.025833 0.050833
Francais12595.146v.tif 0.077388 0.031439 0.029167 0.047500
Francais12595.147r.tif 0.032609 0.085749 0.025833 0.050000
Francais12595.147v.tif 0.087062 0.029021 0.026667 0.049167
Francais12595.148r.tif 0.035024 0.084541 0.030000 0.050000
Francais12595.148v.tif 0.074970 0.025393 0.021667 0.049167
Francais12595.149r.tif 0.035024 0.079710 0.027500 0.050000
Francais12595.149v.tif 0.075721 0.026442 0.027500 0.043333
Francais12595.150r.tif 0.033613 0.080432 0.029167 0.045833
Francais12595.150v.tif 0.081633 0.036014 0.031667 0.046667
Francais12595.151r.tif 0.033857 0.087062 0.031667 0.049167
Francais12595.151v.tif 0.082933 0.031250 0.025833 0.049167
Francais12595.152r.tif 0.027811 0.084643 0.031667 0.048333
Francais12595.152v.tif 0.085337 0.037260 0.025833 0.049167
Francais12595.153r.tif 0.033857 0.085852 0.029167 0.050833
Francais12595.153v.tif 0.082324 0.035109 0.030000 0.047500
Francais12595.154r.tif 0.042322 0.076179 0.027500 0.050833
Francais12595.154v.tif 0.077482 0.027845 0.025000 0.050000
Francais12595.155r.tif 0.036276 0.081016 0.027500 0.052500
Francais12595.155v.tif 0.077108 0.036145 0.029167 0.048333
Francais12595.156r.tif 0.038601 0.082027 0.035000 0.049167
Francais12595.156v.tif 0.073494 0.040964 0.028333 0.048333
Francais12595.157r.tif 0.041013 0.079614 0.027500 0.050833
Francais12595.157v.tif 0.075904 0.038554 0.026667 0.046667
Francais12595.158r.tif 0.043426 0.079614 0.033333 0.048333
Francais12595.158v.tif 0.081928 0.032530 0.029167 0.049167
Francais12595.159r.tif 0.042220 0.082027 0.033333 0.049167
Francais12595.159v.tif 0.078313 0.037349 0.025000 0.048333
Francais12595.160r.tif 0.039807 0.085645 0.033333 0.049167
Francais12595.160v.tif 0.074699 0.037349 0.025000 0.050833
Francais12595.161r.tif 0.036188 0.082027 0.031667 0.050833
Francais12595.161v.tif 0.079518 0.036145 0.026667 0.050833
Francais12595.162r.tif 0.038462 0.082933 0.030000 0.048333
Francais12595.162v.tif 0.080820 0.041013 0.029167 0.050833
Francais12595.163r.tif 0.045728 0.081829 0.034167 0.048333
Francais12595.163v.tif 0.080820 0.043426 0.032500 0.045833
Francais12595.164r.tif 0.046931 0.083032 0.031667 0.050000
Francais12595.164v.tif 0.084439 0.036188 0.030000 0.050833
Francais12595.165r.tif 0.038508 0.086643 0.032500 0.049167
Francais12595.165v.tif 0.080820 0.038601 0.033333 0.050000
Francais12595.166r.tif 0.039711 0.081829 0.034167 0.047500
Francais12595.166v.tif 0.082027 0.033776 0.031667 0.051667
Francais12595.167r.tif 0.037304 0.083032 0.030833 0.050000
Francais12595.167v.tif 0.080820 0.039807 0.031667 0.050833
Francais12595.168r.tif 0.034898 0.093863 0.027500 0.051667
Francais12595.168v.tif 0.077201 0.041013 0.029167 0.049167
Francais12595.169r.tif 0.036101 0.087846 0.030000 0.050000
Francais12595.169v.tif 0.063932 0.043426 0.029167 0.055833
Francais12595.170r.tif 0.045564 0.087530 0.033333 0.054167
Francais12595.170v.tif 0.067551 0.039807 0.030833 0.050000
Francais12595.171r.tif 0.061151 0.071942 0.031667 0.051667
Francais12595.171v.tif 0.068758 0.037394 0.031667 0.048333
Francais12595.172r.tif 0.056355 0.068345 0.036667 0.050000
Francais12595.172v.tif 0.072376 0.034982 0.033333 0.050000
Francais12595.173r.tif 0.065947 0.064748 0.033333 0.050000
Francais12595.173v.tif 0.065398 0.049941 0.034167 0.050000
Francais12595.174r.tif 0.056355 0.071942 0.035000 0.049167
Francais12595.174v.tif 0.067776 0.053508 0.033333 0.050000
Francais12595.175r.tif 0.053957 0.070743 0.036667 0.048333
Francais12595.175v.tif 0.066587 0.048751 0.043333 0.045000
Francais12595.176r.tif 0.052758 0.068345 0.041667 0.045833
Francais12595.176v.tif 0.066587 0.043995 0.039167 0.049167
Francais12595.177r.tif 0.055156 0.070743 0.038333 0.044167
Francais12595.177v.tif 0.071344 0.047562 0.036667 0.045000
Francais12595.178r.tif 0.055156 0.070743 0.044167 0.045000
Francais12595.178v.tif 0.071344 0.041617 0.040000 0.044167
Francais12595.179r.tif 0.057554 0.061151 0.044167 0.040833
Francais12595.179v.tif 0.070155 0.047365 0.039167 0.044167
Francais12595.180r.tif 0.062350 0.062350 0.038333 0.043333
Francais12595.180v.tif 0.071174 0.043891 0.025833 0.064167
Francais12595.181r.tif 0.047962 0.083933 0.027500 0.060833
Francais12595.181v.tif 0.080664 0.040332 0.040000 0.049167
Francais12595.182r.tif 0.051559 0.083933 0.043333 0.041667
Francais12595.182v.tif 0.081851 0.033215 0.040000 0.045000
Francais12595.183r.tif 0.041966 0.083933 0.048333 0.040833
Francais12595.183v.tif 0.080664 0.033215 0.042500 0.045833
Francais12595.184r.tif 0.043165 0.086331 0.041667 0.047500
Francais12595.184v.tif 0.065321 0.045131 0.046667 0.043333
Francais12595.185r.tif 0.043165 0.080336 0.045833 0.045000
Francais12595.185v.tif 0.072447 0.040380 0.046667 0.043333
Francais12595.186r.tif 0.045564 0.073141 0.045000 0.040833
Francais12595.186v.tif 0.068802 0.040332 0.043333 0.044167
Francais12595.187r.tif 0.044365 0.068345 0.045833 0.037500
Francais12595.187v.tif 0.071174 0.041518 0.040833 0.045833
Francais12595.188r.tif 0.052758 0.065947 0.045833 0.040833
Francais12595.188v.tif 0.065243 0.027284 0.045833 0.041667
Francais12595.189r.tif 0.027578 0.055156 0.040833 0.035833
Francais12595.189v.tif 0.066429 0.045077 0.041667 0.042500
Francais12595.190r.tif 0.041966 0.081535 0.039167 0.053333
Francais12595.190v.tif 0.061684 0.039146 0.050000 0.041667
Francais12595.191r.tif 0.033573 0.069544 0.042500 0.040833
Francais12595.191v.tif 0.072361 0.041518 0.046667 0.040000
Francais12595.192r.tif 0.035971 0.074341 0.039167 0.048333
Francais12595.192v.tif 0.056940 0.046263 0.042500 0.048333
Francais12595.193r.tif 0.040767 0.064748 0.040000 0.043333
Francais12595.193v.tif 0.055753 0.042705 0.037500 0.050833
Francais12595.194r.tif 0.035971 0.070743 0.045833 0.045000
Francais12595.194v.tif 0.059312 0.053381 0.039167 0.050000
Francais12595.195r.tif 0.027578 0.083933 0.044167 0.041667
Francais12595.195v.tif 0.066429 0.042705 0.045000 0.044167
Francais12595.196r.tif 0.032374 0.081535 0.045833 0.045833
Francais12595.196v.tif 0.068802 0.034401 0.045833 0.043333
Francais12595.197r.tif 0.037170 0.071942 0.044167 0.042500
Francais12595.197v.tif 0.073547 0.036773 0.047500 0.042500
Francais12595.198r.tif 0.037170 0.080336 0.045833 0.048333
Francais12595.198v.tif 0.062871 0.033215 0.045833 0.048333
Francais12595.199r.tif 0.033573 0.068345 0.041667 0.040833
Francais12595.199v.tif 0.068802 0.039146 0.045833 0.045833
Francais12595.200r.tif 0.038369 0.067146 0.040000 0.047500
Francais12595.200v.tif 0.064057 0.039146 0.050833 0.042500
Francais12595.endmatter.flyleaf.01r.tif 0.029976 0.065947 0.047500 0.042500
Francais12595.endmatter.flyleaf.01v.tif 0.061684 0.037960 0.046667 0.045000
Francais12595.endmatter.flyleaf.02r.tif 0.041966 0.094724 0.048333 0.049167
Francais12595.endmatter.flyleaf.02v.tif 0.087782 0.033215 0.050000 0.050000
Francais12595.endmatter.flyleaf.03r.tif 0.037170 0.061151 0.040000 0.057500
Francais12595.endmatter.flyleaf.03v.tif 0.051008 0.036773 0.050000 0.054167
Francais12595.endmatter.flyleaf.04r.tif 0.035971 0.050360 0.043333 0.046667
Francais12595.endmatter.flyleaf.04v.tif 0.049822 0.034401 0.047500 0.043333
Francais12595.endmatter.flyleaf.05r.tif 0.025852 0.071680 0.041667 0.046667
Francais12595.endmatter.flyleaf.05v.tif 0.035587 0.039146 0.044167 0.049167
Francais12595.endmatter.pastedown.tif 0.023502 0.024677 0.006667 0.030000
Francais12595.binding.backcover.tif 0.050676 0.037162 0.037500 0.033333
Francais12595.binding.spine.tif 0.097826 0.163043 0.031667 0.041667
Francais12595.misc.colorbar.tif 0.000000 0.000000 0.000000 0.000000
