AugsburgI424.binding.frontcover.tif 0.047535 0.038732 0.012000 0.027000
AugsburgI424.frontmatter.pastedown.tif 0.047535 0.038732 0.005000 0.027000
AugsburgI424.frontmatter.flyleaf.01r.tif 0.047535 0.045312 0.039000 0.027000
AugsburgI424.frontmatter.flyleaf.01v.tif 0.047535 0.050000 0.040000 0.036000
AugsburgI424.001r.tif 0.047535 0.045312 0.039000 0.035000
AugsburgI424.001v.tif 0.047535 0.050000 0.040000 0.036000
AugsburgI424.endmatter.flyleaf.01r.tif 0.047535 0.045312 0.039000 0.035000
AugsburgI424.endmatter.flyleaf.01v.tif 0.047535 0.050000 0.040000 0.036000
AugsburgI424.endmatter.pastedown.tif 0.047535 0.045312 0.039000 0.035000
AugsburgI424.binding.backcover.tif 0.047535 0.051056 0.011000 0.023000
AugsburgI424.misc.colorbar.01.tif 0.047535 0.012857 0.011000 0.023000
