CoxMacro.binding.frontcover.tif 0.063990 0.025094 0.085833 0.103333
CoxMacro.frontmatter.pastedown.tif 0.042660 0.001255 0.058333 0.079167
CoxMacro.frontmatter.flyleaf.01r.tif 0.085320 0.058971 0.101667 0.120833
CoxMacro.frontmatter.flyleaf.01v.tif 0.016311 0.027604 0.090833 0.046667
CoxMacro.frontmatter.flyleaf.02r.tif 0.041405 0.058971 0.064167 0.120833
CoxMacro.frontmatter.flyleaf.02v.tif 0.046424 0.027604 0.086667 0.046667
CoxMacro.frontmatter.flyleaf.03v.tif 0.043915 0.056461 0.092500 0.092500
CoxMacro.001r.tif 0.046424 0.032622 0.065000 0.093333
CoxMacro.001v.tif 0.043915 0.056461 0.092500 0.068333
CoxMacro.002r.tif 0.046424 0.032622 0.065000 0.093333
CoxMacro.002v.tif 0.043915 0.056461 0.092500 0.068333
CoxMacro.003r.tif 0.053952 0.042660 0.064167 0.096667
CoxMacro.003v.tif 0.038896 0.055207 0.098333 0.062500
CoxMacro.004r.tif 0.058971 0.037641 0.070000 0.090834
CoxMacro.004v.tif 0.046424 0.045169 0.090833 0.070000
CoxMacro.005r.tif 0.058971 0.037641 0.070000 0.090834
CoxMacro.005v.tif 0.041405 0.050188 0.080833 0.080000
CoxMacro.006r.tif 0.058971 0.037641 0.070000 0.090834
CoxMacro.006v.tif 0.041405 0.050188 0.080833 0.080000
CoxMacro.007r.tif 0.058971 0.037641 0.070000 0.090834
CoxMacro.007v.tif 0.041405 0.050188 0.102500 0.050833
CoxMacro.008r.tif 0.058971 0.037641 0.070000 0.090834
CoxMacro.008v.tif 0.037641 0.053952 0.083333 0.070000
CoxMacro.009r.tif 0.058971 0.048934 0.070000 0.096667
CoxMacro.009v.tif 0.021330 0.070263 0.085833 0.067500
CoxMacro.010r.tif 0.058971 0.048934 0.070000 0.096667
CoxMacro.010v.tif 0.032622 0.058971 0.075833 0.077500
CoxMacro.011r.tif 0.058971 0.048934 0.070000 0.096667
CoxMacro.011v.tif 0.047679 0.043914 0.070833 0.082500
CoxMacro.012r.tif 0.058971 0.048934 0.070000 0.096667
CoxMacro.012v.tif 0.052698 0.043914 0.086667 0.070000
CoxMacro.013r.tif 0.058971 0.048934 0.070000 0.096667
CoxMacro.013v.tif 0.051443 0.045169 0.095000 0.061667
CoxMacro.014r.tif 0.058971 0.048934 0.070000 0.096667
CoxMacro.014v.tif 0.051443 0.045169 0.095000 0.061667
CoxMacro.015r.tif 0.058971 0.048934 0.070000 0.096667
CoxMacro.015v.tif 0.051443 0.060226 0.112500 0.061667
CoxMacro.016r.tif 0.058971 0.048934 0.070000 0.096667
CoxMacro.016v.tif 0.051443 0.060226 0.112500 0.061667
CoxMacro.017r.tif 0.067754 0.062735 0.074167 0.101667
CoxMacro.017v.tif 0.031368 0.080301 0.109167 0.065000
CoxMacro.018r.tif 0.067754 0.062735 0.074167 0.101667
CoxMacro.018v.tif 0.028858 0.082811 0.097500 0.076667
CoxMacro.019r.tif 0.066499 0.063990 0.071667 0.104167
CoxMacro.019v.tif 0.027604 0.084065 0.110833 0.063334
CoxMacro.020r.tif 0.079046 0.063990 0.071667 0.104167
CoxMacro.020v.tif 0.027604 0.084065 0.110833 0.063334
CoxMacro.021r.tif 0.079046 0.063990 0.071667 0.104167
CoxMacro.021v.tif 0.040151 0.071518 0.096667 0.077500
CoxMacro.022r.tif 0.079046 0.063990 0.071667 0.104167
CoxMacro.022v.tif 0.040151 0.071518 0.096667 0.077500
CoxMacro.023r.tif 0.053952 0.089084 0.082500 0.093334
CoxMacro.023v.tif 0.025094 0.086575 0.083333 0.090834
CoxMacro.024r.tif 0.094103 0.048933 0.098333 0.077501
CoxMacro.024v.tif 0.016311 0.095358 0.100000 0.074167
CoxMacro.025r.tif 0.087829 0.055207 0.094167 0.081667
CoxMacro.025v.tif 0.040151 0.071518 0.103333 0.070834
CoxMacro.026r.tif 0.075282 0.067754 0.085000 0.090834
CoxMacro.026v.tif 0.043915 0.067754 0.091667 0.082500
CoxMacro.027r.tif 0.070263 0.072773 0.090833 0.085001
CoxMacro.027v.tif 0.043915 0.067754 0.091667 0.082500
CoxMacro.028r.tif 0.094103 0.048933 0.083333 0.092501
CoxMacro.028v.tif 0.043915 0.067754 0.091667 0.082500
CoxMacro.029r.tif 0.090339 0.052697 0.083333 0.092501
CoxMacro.029v.tif 0.062735 0.066499 0.089167 0.055833
CoxMacro.030r.tif 0.091593 0.037642 0.081667 0.080000
CoxMacro.030v.tif 0.086575 0.079046 0.095000 0.065000
CoxMacro.031r.tif 0.097867 0.057716 0.091667 0.089167
CoxMacro.031v.tif 0.100376 0.065245 0.081667 0.078333
CoxMacro.032r.tif 0.056462 0.099121 0.085000 0.095834
CoxMacro.032v.tif 0.099122 0.066499 0.094167 0.065833
CoxMacro.033r.tif 0.081556 0.074027 0.085000 0.095834
CoxMacro.033v.tif 0.082811 0.082810 0.114167 0.045833
CoxMacro.034r.tif 0.090339 0.065244 0.084167 0.096667
CoxMacro.034v.tif 0.082811 0.082810 0.107500 0.052500
CoxMacro.035r.tif 0.102886 0.052697 0.085833 0.095001
CoxMacro.035v.tif 0.063990 0.101631 0.085833 0.074167
CoxMacro.036r.tif 0.101631 0.075282 0.077500 0.091667
CoxMacro.036v.tif 0.075282 0.090339 0.086667 0.073333
CoxMacro.037r.tif 0.094103 0.082810 0.079167 0.090000
CoxMacro.037v.tif 0.092848 0.072773 0.082500 0.077500
CoxMacro.038r.tif 0.101631 0.075282 0.075833 0.093334
CoxMacro.038v.tif 0.092848 0.072773 0.090833 0.069167
CoxMacro.039r.tif 0.101631 0.075282 0.074167 0.095000
CoxMacro.039v.tif 0.091593 0.074028 0.083333 0.076667
CoxMacro.040r.tif 0.099122 0.077791 0.076667 0.092500
CoxMacro.040v.tif 0.091593 0.074028 0.083333 0.076667
CoxMacro.041r.tif 0.099122 0.077791 0.076667 0.092500
CoxMacro.041v.tif 0.079046 0.086575 0.087500 0.072500
CoxMacro.042r.tif 0.063990 0.046424 0.060833 0.071667
CoxMacro.042v.tif 0.079046 0.094103 0.087500 0.082500
CoxMacro.043r.tif 0.072773 0.037641 0.060833 0.071667
CoxMacro.043v.tif 0.079046 0.094103 0.087500 0.082500
CoxMacro.044r.tif 0.085320 0.025094 0.060000 0.072500
CoxMacro.044v.tif 0.079046 0.094103 0.087500 0.082500
CoxMacro.045r.tif 0.065245 0.045169 0.059167 0.073333
CoxMacro.045v.tif 0.079046 0.094103 0.087500 0.082500
CoxMacro.046r.tif 0.072773 0.037641 0.059167 0.073333
CoxMacro.046v.tif 0.080301 0.092848 0.093333 0.076667
CoxMacro.047r.tif 0.072773 0.037641 0.059167 0.073333
CoxMacro.047v.tif 0.080301 0.092848 0.088333 0.081667
CoxMacro.048r.tif 0.048934 0.061481 0.069167 0.065833
CoxMacro.048v.tif 0.080301 0.092848 0.088333 0.081667
CoxMacro.049r.tif 0.066499 0.043916 0.069167 0.065833
CoxMacro.049v.tif 0.080301 0.092848 0.088333 0.081667
CoxMacro.050r.tif 0.066499 0.043916 0.069167 0.065833
CoxMacro.050v.tif 0.080301 0.092848 0.088333 0.081667
CoxMacro.051r.tif 0.029888 0.053549 0.046667 0.050000
CoxMacro.051v.tif 0.041405 0.089084 0.077500 0.085000
CoxMacro.052r.tif 0.016311 0.053549 0.046667 0.050000
CoxMacro.052v.tif 0.041405 0.089084 0.090000 0.072500
CoxMacro.053r.tif 0.028858 0.077792 0.090833 0.045000
CoxMacro.053v.tif 0.050188 0.080301 0.090000 0.072500
CoxMacro.054r.tif 0.032622 0.077792 0.090833 0.045000
CoxMacro.054v.tif 0.050188 0.080301 0.090000 0.083333
CoxMacro.055r.tif 0.057716 0.052698 0.089167 0.051667
CoxMacro.055v.tif 0.050188 0.080301 0.090000 0.083333
CoxMacro.056r.tif 0.057716 0.052698 0.089167 0.049167
CoxMacro.056v.tif 0.050188 0.080301 0.090000 0.083333
CoxMacro.057r.tif 0.061481 0.076537 0.087500 0.045833
CoxMacro.057v.tif 0.050188 0.080301 0.090000 0.083333
CoxMacro.058r.tif 0.062735 0.075283 0.080833 0.056667
CoxMacro.058v.tif 0.061481 0.069008 0.071667 0.101666
CoxMacro.059r.tif 0.062735 0.075283 0.080833 0.056667
CoxMacro.059v.tif 0.070263 0.060226 0.109167 0.064166
CoxMacro.060r.tif 0.062735 0.070263 0.079167 0.055833
CoxMacro.060v.tif 0.061481 0.069008 0.080833 0.092500
CoxMacro.061r.tif 0.061481 0.065245 0.078333 0.053333
CoxMacro.061v.tif 0.061481 0.069008 0.085000 0.088333
CoxMacro.062r.tif 0.051443 0.075283 0.077500 0.054166
CoxMacro.062v.tif 0.055207 0.075282 0.085000 0.088333
CoxMacro.063r.tif 0.055207 0.071519 0.077500 0.054166
CoxMacro.063v.tif 0.050188 0.080301 0.079167 0.094166
CoxMacro.064r.tif 0.055207 0.071519 0.077500 0.054166
CoxMacro.064v.tif 0.074028 0.056461 0.100000 0.073333
CoxMacro.065r.tif 0.055207 0.071519 0.077500 0.054166
CoxMacro.065v.tif 0.055207 0.075282 0.094167 0.079166
CoxMacro.066r.tif 0.055207 0.071519 0.077500 0.054166
CoxMacro.066v.tif 0.056462 0.074027 0.090000 0.083333
CoxMacro.067r.tif 0.055207 0.071519 0.077500 0.054166
CoxMacro.067v.tif 0.056462 0.074027 0.090000 0.083333
CoxMacro.068r.tif 0.052698 0.074028 0.078333 0.053333
CoxMacro.068v.tif 0.060226 0.070263 0.089167 0.084166
CoxMacro.069r.tif 0.052698 0.074028 0.078333 0.058333
CoxMacro.069v.tif 0.060226 0.070263 0.089167 0.084166
CoxMacro.070r.tif 0.052698 0.074028 0.078333 0.051667
CoxMacro.070v.tif 0.047679 0.082810 0.082500 0.090833
CoxMacro.071r.tif 0.047679 0.079047 0.078333 0.051667
CoxMacro.071v.tif 0.047679 0.082810 0.092500 0.080833
CoxMacro.072r.tif 0.047679 0.079047 0.078333 0.060000
CoxMacro.072v.tif 0.047679 0.082810 0.092500 0.080833
CoxMacro.073r.tif 0.047679 0.079047 0.078333 0.060000
CoxMacro.073v.tif 0.047679 0.097867 0.092500 0.080833
CoxMacro.074r.tif 0.046424 0.104141 0.081667 0.056666
CoxMacro.074v.tif 0.042660 0.102886 0.086667 0.086666
CoxMacro.075r.tif 0.053952 0.079047 0.080833 0.057500
CoxMacro.075v.tif 0.075282 0.070264 0.093333 0.080000
CoxMacro.076r.tif 0.050188 0.082811 0.075833 0.062500
CoxMacro.076v.tif 0.076537 0.069009 0.092500 0.080833
CoxMacro.077r.tif 0.036386 0.096613 0.075833 0.062500
CoxMacro.077v.tif 0.076537 0.069009 0.092500 0.080833
CoxMacro.078r.tif 0.036386 0.096613 0.075833 0.062500
CoxMacro.078v.tif 0.076537 0.069009 0.092500 0.080833
CoxMacro.079r.tif 0.036386 0.096613 0.075833 0.062500
CoxMacro.079v.tif 0.079046 0.066500 0.092500 0.080833
CoxMacro.080r.tif 0.057716 0.075283 0.075833 0.062500
CoxMacro.080v.tif 0.065245 0.080301 0.110833 0.099167
CoxMacro.081r.tif 0.048934 0.084065 0.080833 0.057500
CoxMacro.081v.tif 0.067754 0.077792 0.101667 0.108333
CoxMacro.082r.tif 0.046424 0.115433 0.083333 0.058333
CoxMacro.082v.tif 0.091593 0.077792 0.101667 0.108333
CoxMacro.083r.tif 0.046424 0.106650 0.083333 0.062500
CoxMacro.083v.tif 0.091593 0.077792 0.101667 0.108333
CoxMacro.084r.tif 0.056462 0.096612 0.103333 0.042500
CoxMacro.084v.tif 0.091593 0.077792 0.101667 0.108333
CoxMacro.085r.tif 0.056462 0.096612 0.094167 0.051666
CoxMacro.085v.tif 0.091593 0.077792 0.101667 0.108333
CoxMacro.086r.tif 0.057716 0.095358 0.082500 0.063333
CoxMacro.086v.tif 0.092848 0.076537 0.105000 0.105000
CoxMacro.087r.tif 0.057716 0.095358 0.093333 0.052500
CoxMacro.087v.tif 0.099122 0.070263 0.103333 0.106667
CoxMacro.088r.tif 0.050188 0.102886 0.090833 0.055000
CoxMacro.088v.tif 0.099122 0.089084 0.103333 0.106667
CoxMacro.089r.tif 0.050188 0.102886 0.090833 0.055000
CoxMacro.089v.tif 0.099122 0.089084 0.103333 0.106667
CoxMacro.090r.tif 0.050188 0.102886 0.090833 0.061667
CoxMacro.090v.tif 0.115433 0.084065 0.125833 0.097500
CoxMacro.091r.tif 0.058971 0.094103 0.090833 0.056667
CoxMacro.091v.tif 0.115433 0.084065 0.125833 0.097500
CoxMacro.092r.tif 0.050188 0.102886 0.090833 0.056667
CoxMacro.092v.tif 0.115433 0.084065 0.125833 0.097500
CoxMacro.093r.tif 0.050188 0.102886 0.090833 0.056667
CoxMacro.093v.tif 0.115433 0.084065 0.125833 0.097500
CoxMacro.094r.tif 0.050188 0.102886 0.079167 0.068333
CoxMacro.094v.tif 0.126725 0.072773 0.125000 0.098333
CoxMacro.095r.tif 0.050188 0.086575 0.079167 0.065000
CoxMacro.095v.tif 0.111669 0.087829 0.120000 0.103333
CoxMacro.096r.tif 0.050188 0.086575 0.079167 0.065000
CoxMacro.096v.tif 0.111669 0.087829 0.120000 0.103333
CoxMacro.097r.tif 0.050188 0.086575 0.079167 0.065000
CoxMacro.097v.tif 0.111669 0.074028 0.120000 0.103333
CoxMacro.098r.tif 0.050188 0.086575 0.079167 0.059167
CoxMacro.098v.tif 0.111669 0.074028 0.120000 0.103333
CoxMacro.099r.tif 0.050188 0.086575 0.079167 0.059167
CoxMacro.099v.tif 0.111669 0.074028 0.120000 0.103333
CoxMacro.100r.tif 0.050188 0.086575 0.079167 0.059167
CoxMacro.100v.tif 0.105395 0.080302 0.115833 0.107500
CoxMacro.101r.tif 0.050188 0.086575 0.079167 0.059167
CoxMacro.101v.tif 0.105395 0.080302 0.115833 0.107500
CoxMacro.102r.tif 0.051443 0.085320 0.074167 0.064167
CoxMacro.102v.tif 0.105395 0.080302 0.115833 0.107500
CoxMacro.103r.tif 0.051443 0.085320 0.080000 0.058334
CoxMacro.103v.tif 0.105395 0.080302 0.115833 0.107500
CoxMacro.104r.tif 0.051443 0.085320 0.080000 0.058334
CoxMacro.104v.tif 0.105395 0.080302 0.115833 0.107500
CoxMacro.105r.tif 0.051443 0.085320 0.080000 0.058334
CoxMacro.105v.tif 0.105395 0.080302 0.115833 0.107500
CoxMacro.106r.tif 0.051443 0.085320 0.080000 0.058334
CoxMacro.106v.tif 0.105395 0.080302 0.115833 0.107500
CoxMacro.107r.tif 0.051443 0.085320 0.080000 0.058334
CoxMacro.107v.tif 0.116688 0.069009 0.115833 0.107500
CoxMacro.108r.tif 0.051443 0.085320 0.080000 0.058334
CoxMacro.108v.tif 0.126725 0.062735 0.096667 0.101667
CoxMacro.109r.tif 0.056462 0.080301 0.080000 0.063333
CoxMacro.109v.tif 0.126725 0.062735 0.104167 0.101667
CoxMacro.110r.tif 0.056462 0.092848 0.080000 0.060000
CoxMacro.110v.tif 0.105395 0.084065 0.103333 0.102501
CoxMacro.111r.tif 0.055207 0.094103 0.081667 0.058333
CoxMacro.111v.tif 0.119197 0.070263 0.103333 0.114166
CoxMacro.112r.tif 0.047679 0.087829 0.081667 0.064167
CoxMacro.112v.tif 0.136763 0.052697 0.118333 0.099166
CoxMacro.113r.tif 0.062735 0.074028 0.085833 0.064167
CoxMacro.113v.tif 0.136763 0.066499 0.118333 0.099166
CoxMacro.114r.tif 0.050188 0.085320 0.085833 0.065833
CoxMacro.114v.tif 0.136763 0.058971 0.118333 0.099166
CoxMacro.115r.tif 0.063990 0.071518 0.085833 0.065833
CoxMacro.115v.tif 0.136763 0.058971 0.118333 0.099166
CoxMacro.116r.tif 0.051443 0.074028 0.085833 0.078333
CoxMacro.116v.tif 0.146801 0.048933 0.118333 0.099166
CoxMacro.117r.tif 0.060226 0.080301 0.077500 0.074167
CoxMacro.117v.tif 0.136763 0.058971 0.118333 0.099166
CoxMacro.118r.tif 0.060226 0.080301 0.085833 0.065834
CoxMacro.118v.tif 0.143036 0.052698 0.118333 0.099166
CoxMacro.119r.tif 0.067754 0.072773 0.084167 0.067500
CoxMacro.119v.tif 0.143036 0.052698 0.118333 0.099166
CoxMacro.120r.tif 0.063990 0.050188 0.091667 0.060000
CoxMacro.120v.tif 0.132999 0.062735 0.116667 0.100832
CoxMacro.121r.tif 0.063990 0.062735 0.091667 0.060000
CoxMacro.121v.tif 0.125471 0.070263 0.115833 0.101666
CoxMacro.122r.tif 0.063990 0.075282 0.091667 0.068333
CoxMacro.122v.tif 0.125471 0.070263 0.106667 0.110832
CoxMacro.123r.tif 0.063990 0.067754 0.091667 0.065833
CoxMacro.123v.tif 0.134253 0.061481 0.136667 0.080832
CoxMacro.124r.tif 0.063990 0.067754 0.091667 0.065833
CoxMacro.124v.tif 0.134253 0.061481 0.120833 0.096666
CoxMacro.125r.tif 0.061481 0.060226 0.094167 0.064167
CoxMacro.125v.tif 0.134253 0.061481 0.120833 0.096666
CoxMacro.126r.tif 0.067754 0.053953 0.092500 0.065834
CoxMacro.126v.tif 0.144291 0.051443 0.120833 0.096666
CoxMacro.127r.tif 0.067754 0.053953 0.092500 0.065834
CoxMacro.127v.tif 0.144291 0.051443 0.120833 0.096666
CoxMacro.128r.tif 0.067754 0.053953 0.092500 0.065834
CoxMacro.128v.tif 0.144291 0.051443 0.120833 0.096666
CoxMacro.129r.tif 0.067754 0.053953 0.092500 0.065834
CoxMacro.129v.tif 0.163112 0.032622 0.121667 0.095832
CoxMacro.130r.tif 0.067754 0.053953 0.092500 0.065834
CoxMacro.130v.tif 0.131744 0.063990 0.121667 0.095832
CoxMacro.131r.tif 0.067754 0.053953 0.092500 0.065834
CoxMacro.131v.tif 0.122961 0.072773 0.121667 0.095832
CoxMacro.132r.tif 0.085320 0.053953 0.092500 0.065834
CoxMacro.132v.tif 0.122961 0.072773 0.121667 0.095832
CoxMacro.133r.tif 0.066499 0.055207 0.092500 0.074167
CoxMacro.133v.tif 0.130489 0.065245 0.121667 0.095832
CoxMacro.134r.tif 0.077792 0.043914 0.092500 0.074167
CoxMacro.134v.tif 0.130489 0.065245 0.113333 0.104166
CoxMacro.135r.tif 0.077792 0.043914 0.092500 0.065000
CoxMacro.135v.tif 0.132999 0.062735 0.113333 0.104166
CoxMacro.136r.tif 0.077792 0.043914 0.092500 0.065000
CoxMacro.136v.tif 0.146801 0.048933 0.113333 0.104166
CoxMacro.137r.tif 0.077792 0.043914 0.092500 0.065000
CoxMacro.137v.tif 0.146801 0.048933 0.113333 0.104166
CoxMacro.138r.tif 0.060226 0.061480 0.092500 0.070833
CoxMacro.138v.tif 0.134253 0.061481 0.113333 0.104166
CoxMacro.139r.tif 0.066499 0.025094 0.080833 0.075833
CoxMacro.139v.tif 0.134253 0.061481 0.113333 0.104166
CoxMacro.140r.tif 0.066499 0.025094 0.080833 0.075833
CoxMacro.140v.tif 0.134253 0.061481 0.113333 0.104166
CoxMacro.141r.tif 0.066499 0.055207 0.080833 0.083333
CoxMacro.141v.tif 0.096612 0.055207 0.105833 0.093333
CoxMacro.142r.tif 0.066499 0.055207 0.080833 0.083333
CoxMacro.142v.tif 0.097867 0.053952 0.095000 0.104166
CoxMacro.143r.tif 0.074028 0.047678 0.075000 0.089166
CoxMacro.143v.tif 0.100376 0.051443 0.114167 0.084999
CoxMacro.144r.tif 0.074028 0.047678 0.078333 0.085833
CoxMacro.144v.tif 0.100376 0.051443 0.114167 0.095833
CoxMacro.145r.tif 0.074028 0.047678 0.078333 0.085833
CoxMacro.145v.tif 0.070263 0.081556 0.114167 0.095833
CoxMacro.146r.tif 0.074028 0.057716 0.078333 0.091667
CoxMacro.146v.tif 0.079046 0.072773 0.115000 0.095000
CoxMacro.147r.tif 0.085320 0.046424 0.088333 0.081667
CoxMacro.147v.tif 0.081556 0.070263 0.124167 0.085833
CoxMacro.148r.tif 0.085320 0.046424 0.078333 0.091667
CoxMacro.148v.tif 0.079046 0.072773 0.123333 0.086667
CoxMacro.149r.tif 0.072773 0.058971 0.080000 0.090000
CoxMacro.149v.tif 0.079046 0.072773 0.123333 0.086667
CoxMacro.150r.tif 0.072773 0.058971 0.080000 0.090000
CoxMacro.150v.tif 0.079046 0.072773 0.123333 0.086667
CoxMacro.151r.tif 0.069009 0.062735 0.080000 0.090000
CoxMacro.151v.tif 0.082811 0.069008 0.129167 0.080833
CoxMacro.152r.tif 0.069009 0.062735 0.080000 0.090000
CoxMacro.152v.tif 0.082811 0.069008 0.122500 0.087500
CoxMacro.153r.tif 0.061481 0.011292 0.069167 0.082500
CoxMacro.153v.tif 0.082811 0.069008 0.122500 0.087500
CoxMacro.154r.tif 0.060226 0.012547 0.075000 0.076667
CoxMacro.154v.tif 0.092848 0.058971 0.122500 0.087500
CoxMacro.155r.tif 0.058971 0.025094 0.075000 0.076667
CoxMacro.155v.tif 0.080301 0.071518 0.118333 0.091667
CoxMacro.156r.tif 0.058971 0.010037 0.070000 0.093333
CoxMacro.156v.tif 0.085320 0.066499 0.115000 0.095000
CoxMacro.157r.tif 0.030113 0.038895 0.082500 0.080833
CoxMacro.157v.tif 0.085320 0.066499 0.115000 0.095000
CoxMacro.158r.tif 0.051443 0.038895 0.075000 0.088333
CoxMacro.158v.tif 0.085320 0.066499 0.113333 0.096667
CoxMacro.159r.tif 0.046424 0.043914 0.071667 0.091666
CoxMacro.159v.tif 0.095358 0.056461 0.113333 0.096667
CoxMacro.160r.tif 0.057716 0.032622 0.071667 0.098334
CoxMacro.160v.tif 0.089084 0.062735 0.113333 0.096667
CoxMacro.161r.tif 0.057716 0.057716 0.071667 0.105833
CoxMacro.161v.tif 0.089084 0.062735 0.113333 0.096667
CoxMacro.162r.tif 0.060226 0.055206 0.079167 0.098333
CoxMacro.162v.tif 0.087829 0.058971 0.113333 0.106666
CoxMacro.163r.tif 0.060226 0.058971 0.079167 0.089167
CoxMacro.163v.tif 0.087829 0.058971 0.113333 0.106666
CoxMacro.endmatter.flyleaf.01r.tif 0.086575 0.032622 0.067500 0.100834
CoxMacro.endmatter.flyleaf.01v.tif 0.089084 0.057716 0.118333 0.101666
CoxMacro.endmatter.flyleaf.02r.tif 0.020075 0.099122 0.105833 0.062501
CoxMacro.endmatter.flyleaf.02v.tif 0.075282 0.071518 0.115000 0.104999
CoxMacro.endmatter.pastedown.tif 0.056462 0.016311 0.060000 0.080833
CoxMacro.binding.backcover.tif 0.046424 0.080301 0.072500 0.106666
CoxMacro.binding.spine.tif 0.134253 0.066499 0.136667 0.075000
CoxMacro.binding.titlelabel.tif 0.269762 0.001254 0.000000 0.010000
CoxMacro.frontmatter.bookplateinsert.tif 0.008783 0.146801 0.086667 0.053333
CoxMacro.misc.colortestbackcover.tif 0.107905 0.012547 0.082500 0.098333
CoxMacro.misc.frontanglecover.01.tif 0.205772 0.116688 0.145000 0.076667
CoxMacro.misc.frontanglecover.02.tif 0.148055 0.139272 0.087500 0.152500
CoxMacro.misc.frontanglecover.03.tif 0.082811 0.175659 0.053333 0.115833
CoxMacro.misc.frontanglecover.04.tif 0.180678 0.069009 0.089167 0.092500
