Francais3939.binding.frontcover.tif 0.012005 0.004802 0.005000 0.008333
Francais3939.frontmatter.pastedown.tif 0.013142 0.016726 0.007500 0.007500
Francais3939.frontmatter.flyleaf.01r.tif 0.029233 0.012180 0.005833 0.010833
Francais3939.frontmatter.flyleaf.01v.tif 0.013205 0.040816 0.009167 0.008333
Francais3939.frontmatter.flyleaf.02r.tif 0.029233 0.012195 0.005833 0.009167
Francais3939.frontmatter.flyleaf.02v.tif 0.012165 0.030414 0.005833 0.008333
Francais3939.frontmatter.flyleaf.03r.tif 0.031785 0.009780 0.007500 0.010833
Francais3939.frontmatter.flyleaf.03v.tif 0.014634 0.029268 0.010000 0.006667
Francais3939.frontmatter.flyleaf.04r.tif 0.023486 0.013597 0.010833 0.008333
Francais3939.frontmatter.flyleaf.04v.tif 0.013716 0.027431 0.009167 0.009167
Francais3939.001r.tif 0.031250 0.010000 0.010000 0.007500
Francais3939.001v.tif 0.013716 0.023720 0.005833 0.006667
Francais3939.002r.tif 0.031250 0.011278 0.011667 0.009167
Francais3939.002v.tif 0.014944 0.033624 0.006667 0.009167
Francais3939.003r.tif 0.031211 0.012523 0.010000 0.008334
Francais3939.003v.tif 0.014944 0.048267 0.010000 0.009167
Francais3939.004r.tif 0.026250 0.015000 0.010000 0.009167
Francais3939.004v.tif 0.014944 0.035044 0.010833 0.007500
Francais3939.005r.tif 0.034869 0.008717 0.010000 0.005833
Francais3939.005v.tif 0.012422 0.047205 0.008333 0.007500
Francais3939.006r.tif 0.031447 0.011321 0.010833 0.009167
Francais3939.006v.tif 0.008772 0.037594 0.009167 0.007500
Francais3939.007r.tif 0.031447 0.008739 0.007500 0.006667
Francais3939.007v.tif 0.019950 0.039900 0.010833 0.008333
Francais3939.008r.tif 0.020305 0.011421 0.011667 0.008333
Francais3939.008v.tif 0.013767 0.043805 0.007500 0.008333
Francais3939.009r.tif 0.020305 0.010114 0.007500 0.005833
Francais3939.009v.tif 0.016129 0.047146 0.009167 0.006667
Francais3939.010r.tif 0.034956 0.010114 0.009167 0.005833
Francais3939.010v.tif 0.012723 0.031807 0.008333 0.009167
Francais3939.011r.tif 0.022699 0.010114 0.007500 0.006667
Francais3939.011v.tif 0.012563 0.037688 0.008333 0.008333
Francais3939.012r.tif 0.018916 0.010114 0.010000 0.007500
Francais3939.012v.tif 0.012563 0.030534 0.010833 0.007500
Francais3939.013r.tif 0.031211 0.012484 0.010833 0.009167
Francais3939.013v.tif 0.008805 0.045283 0.007500 0.010000
Francais3939.014r.tif 0.020305 0.012484 0.011667 0.010000
Francais3939.014v.tif 0.013871 0.039092 0.007500 0.009167
Francais3939.015r.tif 0.028786 0.016270 0.008333 0.010000
Francais3939.015v.tif 0.013871 0.021711 0.005833 0.008333
Francais3939.016r.tif 0.022642 0.012579 0.007500 0.009167
Francais3939.016v.tif 0.007595 0.045570 0.008333 0.009167
Francais3939.017r.tif 0.022642 0.012579 0.010833 0.009167
Francais3939.017v.tif 0.011494 0.031928 0.009167 0.008333
Francais3939.018r.tif 0.025157 0.008805 0.005833 0.007500
Francais3939.018v.tif 0.011494 0.036896 0.007500 0.010000
Francais3939.019r.tif 0.025157 0.008805 0.009167 0.007500
Francais3939.019v.tif 0.013942 0.035488 0.005833 0.007500
Francais3939.020r.tif 0.012755 0.012755 0.007500 0.006667
Francais3939.020v.tif 0.013959 0.035488 0.009167 0.007500
Francais3939.021r.tif 0.021601 0.008895 0.009167 0.008333
Francais3939.021v.tif 0.010152 0.043147 0.010833 0.006667
Francais3939.022r.tif 0.015306 0.008929 0.010833 0.006667
Francais3939.022v.tif 0.015345 0.030691 0.007500 0.009167
Francais3939.023r.tif 0.019108 0.006369 0.008333 0.005833
Francais3939.023v.tif 0.011598 0.029639 0.010000 0.006667
Francais3939.024r.tif 0.025126 0.011307 0.008333 0.005000
Francais3939.024v.tif 0.011598 0.039490 0.009167 0.009167
Francais3939.025r.tif 0.025126 0.011307 0.004167 0.007500
Francais3939.025v.tif 0.016456 0.043038 0.007500 0.005833
Francais3939.026r.tif 0.024112 0.011307 0.009167 0.007500
Francais3939.026v.tif 0.011553 0.032092 0.008333 0.010000
Francais3939.027r.tif 0.029040 0.011307 0.007500 0.007500
Francais3939.027v.tif 0.010191 0.036943 0.008333 0.005000
Francais3939.028r.tif 0.020356 0.006361 0.008333 0.006667
Francais3939.028v.tif 0.014103 0.032051 0.008333 0.005833
Francais3939.029r.tif 0.027569 0.010025 0.008333 0.007500
Francais3939.029v.tif 0.014103 0.032051 0.005833 0.006667
Francais3939.030r.tif 0.018916 0.007566 0.009167 0.008333
Francais3939.030v.tif 0.010283 0.032051 0.005833 0.007500
Francais3939.031r.tif 0.031368 0.007566 0.009167 0.006667
Francais3939.031v.tif 0.012837 0.024390 0.008333 0.006667
Francais3939.032r.tif 0.022756 0.011378 0.008333 0.005833
Francais3939.032v.tif 0.012837 0.029716 0.006667 0.007500
Francais3939.033r.tif 0.022756 0.008872 0.009167 0.007500
Francais3939.033v.tif 0.012903 0.029716 0.008333 0.006667
Francais3939.034r.tif 0.022756 0.012626 0.010000 0.005833
Francais3939.034v.tif 0.015287 0.034395 0.006667 0.007500
Francais3939.035r.tif 0.017857 0.006378 0.006667 0.006667
Francais3939.035v.tif 0.007762 0.029754 0.010000 0.006667
Francais3939.036r.tif 0.025349 0.008872 0.010000 0.005000
Francais3939.036v.tif 0.010178 0.043257 0.007500 0.009167
Francais3939.037r.tif 0.015326 0.003831 0.007500 0.009167
Francais3939.037v.tif 0.016561 0.033121 0.009167 0.007500
Francais3939.038r.tif 0.025126 0.011307 0.006667 0.005000
Francais3939.038v.tif 0.016561 0.033121 0.007500 0.005000
Francais3939.039r.tif 0.029114 0.007595 0.010000 0.009167
Francais3939.039v.tif 0.012642 0.039191 0.009167 0.005833
Francais3939.040r.tif 0.029114 0.010038 0.009167 0.004167
Francais3939.040v.tif 0.014066 0.028133 0.009167 0.005000
Francais3939.041r.tif 0.022670 0.006297 0.007500 0.006667
Francais3939.041v.tif 0.011349 0.041614 0.005833 0.005833
Francais3939.042r.tif 0.028931 0.011321 0.007500 0.006667
Francais3939.042v.tif 0.011407 0.030418 0.006667 0.005833
Francais3939.043r.tif 0.025031 0.010013 0.010000 0.005833
Francais3939.043v.tif 0.011407 0.023196 0.006667 0.010833
Francais3939.044r.tif 0.027743 0.008827 0.008333 0.009167
Francais3939.044v.tif 0.011407 0.030651 0.007500 0.008333
Francais3939.045r.tif 0.026515 0.006313 0.008333 0.009167
Francais3939.045v.tif 0.016373 0.040302 0.007500 0.007500
Francais3939.046r.tif 0.022756 0.011378 0.007500 0.007500
Francais3939.046v.tif 0.013977 0.034307 0.008333 0.006667
Francais3939.047r.tif 0.022756 0.008838 0.007500 0.005000
Francais3939.047v.tif 0.014013 0.030450 0.009167 0.005833
Francais3939.048r.tif 0.025284 0.006321 0.006667 0.006667
Francais3939.048v.tif 0.010296 0.028314 0.007500 0.010000
Francais3939.049r.tif 0.022756 0.007585 0.006667 0.006667
Francais3939.049v.tif 0.018963 0.031606 0.007500 0.004167
Francais3939.050r.tif 0.022756 0.013871 0.009167 0.008333
Francais3939.050v.tif 0.016518 0.031606 0.006667 0.007500
Francais3939.051r.tif 0.022814 0.007605 0.010000 0.008333
Francais3939.051v.tif 0.011568 0.026992 0.006667 0.008333
Francais3939.052r.tif 0.027638 0.010050 0.007500 0.006667
Francais3939.052v.tif 0.011568 0.030769 0.009167 0.007500
Francais3939.053r.tif 0.024051 0.008861 0.009167 0.007500
Francais3939.053v.tif 0.015404 0.026958 0.007500 0.008333
Francais3939.054r.tif 0.017766 0.010152 0.007500 0.008333
Francais3939.054v.tif 0.015404 0.040353 0.009167 0.006667
Francais3939.055r.tif 0.021574 0.010152 0.008333 0.008333
Francais3939.055v.tif 0.011480 0.019133 0.009167 0.005000
Francais3939.056r.tif 0.030189 0.007547 0.010000 0.010000
Francais3939.056v.tif 0.012674 0.035488 0.010000 0.005000
Francais3939.057r.tif 0.025316 0.008861 0.008333 0.005833
Francais3939.057v.tif 0.011524 0.028169 0.008333 0.009167
Francais3939.058r.tif 0.030113 0.010038 0.008333 0.007500
Francais3939.058v.tif 0.012771 0.030651 0.010000 0.009167
Francais3939.059r.tif 0.033750 0.010000 0.008333 0.007500
Francais3939.059v.tif 0.014013 0.034395 0.008333 0.006667
Francais3939.060r.tif 0.025510 0.007653 0.011667 0.007500
Francais3939.060v.tif 0.011450 0.030534 0.008333 0.006667
Francais3939.061r.tif 0.032581 0.007653 0.007500 0.010000
Francais3939.061v.tif 0.015267 0.024173 0.010000 0.010000
Francais3939.062r.tif 0.027569 0.013784 0.010000 0.010000
Francais3939.062v.tif 0.012739 0.022930 0.006667 0.010000
Francais3939.063r.tif 0.030113 0.011292 0.009167 0.007500
Francais3939.063v.tif 0.016603 0.021711 0.008333 0.005834
Francais3939.064r.tif 0.026415 0.011292 0.009167 0.008333
Francais3939.064v.tif 0.010243 0.033291 0.007500 0.009167
Francais3939.065r.tif 0.026415 0.006329 0.007500 0.006667
Francais3939.065v.tif 0.010243 0.028025 0.006667 0.005000
Francais3939.066r.tif 0.026415 0.011321 0.009167 0.007500
Francais3939.066v.tif 0.014049 0.028025 0.008333 0.007500
Francais3939.067r.tif 0.022756 0.010114 0.008333 0.006667
Francais3939.067v.tif 0.012739 0.031847 0.008333 0.009167
Francais3939.068r.tif 0.027743 0.010114 0.009167 0.006667
Francais3939.068v.tif 0.012755 0.031847 0.008333 0.009167
Francais3939.069r.tif 0.023990 0.010114 0.007500 0.007500
Francais3939.069v.tif 0.012804 0.021767 0.008333 0.006667
Francais3939.070r.tif 0.024112 0.010152 0.009167 0.007500
Francais3939.070v.tif 0.014013 0.030573 0.010833 0.007500
Francais3939.071r.tif 0.021574 0.013959 0.009167 0.008333
Francais3939.071v.tif 0.011407 0.031686 0.008333 0.007500
Francais3939.072r.tif 0.025316 0.012658 0.010000 0.007500
Francais3939.072v.tif 0.015287 0.021656 0.009167 0.007500
Francais3939.073r.tif 0.029151 0.008872 0.010000 0.008333
Francais3939.073v.tif 0.015287 0.026582 0.008333 0.006667
Francais3939.074r.tif 0.036524 0.008872 0.010000 0.006667
Francais3939.074v.tif 0.015287 0.035264 0.008333 0.008333
Francais3939.075r.tif 0.032704 0.011321 0.010000 0.010833
Francais3939.075v.tif 0.011407 0.035264 0.010000 0.006667
Francais3939.076r.tif 0.025221 0.011349 0.010000 0.006667
Francais3939.076v.tif 0.013977 0.019060 0.008333 0.007500
Francais3939.077r.tif 0.025221 0.011349 0.008333 0.006667
Francais3939.077v.tif 0.015094 0.035220 0.009167 0.006667
Francais3939.078r.tif 0.033835 0.008772 0.008333 0.010000
Francais3939.078v.tif 0.015094 0.035220 0.010833 0.009167
Francais3939.079r.tif 0.025381 0.012690 0.007500 0.009167
Francais3939.079v.tif 0.012500 0.023750 0.006667 0.004167
Francais3939.080r.tif 0.025381 0.012690 0.008333 0.010833
Francais3939.080v.tif 0.012500 0.023750 0.007500 0.006667
Francais3939.081r.tif 0.036432 0.006281 0.007500 0.009167
Francais3939.081v.tif 0.012500 0.032663 0.010000 0.010000
Francais3939.082r.tif 0.036432 0.013750 0.010000 0.008333
Francais3939.082v.tif 0.012453 0.037360 0.009167 0.009167
Francais3939.083r.tif 0.027708 0.013750 0.012500 0.007500
Francais3939.083v.tif 0.010063 0.022642 0.008333 0.009167
Francais3939.084r.tif 0.036205 0.011236 0.010833 0.006667
Francais3939.084v.tif 0.016352 0.025157 0.010000 0.009167
Francais3939.085r.tif 0.028931 0.008805 0.008333 0.005833
Francais3939.085v.tif 0.011307 0.025157 0.010000 0.008333
Francais3939.086r.tif 0.033750 0.008805 0.008333 0.005833
Francais3939.086v.tif 0.013871 0.017654 0.005833 0.006667
Francais3939.087r.tif 0.030151 0.008805 0.008333 0.004167
Francais3939.087v.tif 0.011292 0.020075 0.007500 0.005000
Francais3939.088r.tif 0.026549 0.010114 0.010833 0.008333
Francais3939.088v.tif 0.013682 0.028607 0.006667 0.005000
Francais3939.089r.tif 0.037360 0.011208 0.006667 0.008333
Francais3939.089v.tif 0.013682 0.013889 0.007500 0.007500
Francais3939.090r.tif 0.026582 0.008861 0.008333 0.008333
Francais3939.090v.tif 0.015038 0.023810 0.007500 0.007500
Francais3939.091r.tif 0.030265 0.008861 0.008333 0.008333
Francais3939.091v.tif 0.012469 0.023810 0.007500 0.005833
Francais3939.092r.tif 0.032459 0.008739 0.008333 0.003333
Francais3939.092v.tif 0.013716 0.028678 0.008333 0.009167
Francais3939.093r.tif 0.027708 0.010076 0.010833 0.008333
Francais3939.093v.tif 0.013784 0.023810 0.008333 0.005833
Francais3939.094r.tif 0.028133 0.001279 0.010000 0.007500
Francais3939.094v.tif 0.016311 0.016311 0.009167 0.007500
Francais3939.095r.tif 0.028133 0.008816 0.009167 0.008333
Francais3939.095v.tif 0.013682 0.022388 0.008333 0.004167
Francais3939.096r.tif 0.031486 0.008816 0.009167 0.009167
Francais3939.096v.tif 0.016230 0.024969 0.008333 0.007500
Francais3939.097r.tif 0.037221 0.006203 0.008333 0.005000
Francais3939.097v.tif 0.014870 0.028501 0.008333 0.006667
Francais3939.098r.tif 0.036160 0.011222 0.009167 0.007500
Francais3939.098v.tif 0.012610 0.012610 0.008333 0.010000
Francais3939.099r.tif 0.031447 0.008805 0.009167 0.008333
Francais3939.099v.tif 0.012610 0.024938 0.009167 0.006667
Francais3939.100r.tif 0.031447 0.012500 0.007500 0.008333
Francais3939.100v.tif 0.009938 0.022360 0.005000 0.006667
Francais3939.101r.tif 0.031447 0.012500 0.007500 0.007500
Francais3939.101v.tif 0.013784 0.022360 0.008333 0.006667
Francais3939.102r.tif 0.031447 0.006250 0.008333 0.006667
Francais3939.102v.tif 0.013750 0.022360 0.010000 0.005833
Francais3939.103r.tif 0.037175 0.009913 0.009167 0.008333
Francais3939.103v.tif 0.014833 0.022360 0.010000 0.006667
Francais3939.104r.tif 0.029851 0.012438 0.009167 0.010000
Francais3939.104v.tif 0.018657 0.022360 0.010000 0.006667
Francais3939.endmatter.flyleaf.01r.tif 0.037129 0.007426 0.009167 0.007500
Francais3939.endmatter.flyleaf.01v.tif 0.014944 0.022360 0.010833 0.009167
Francais3939.endmatter.flyleaf.02r.tif 0.032258 0.008685 0.011667 0.009167
Francais3939.endmatter.flyleaf.02v.tif 0.013514 0.025799 0.008333 0.008333
Francais3939.endmatter.flyleaf.03r.tif 0.036720 0.012240 0.010000 0.008333
Francais3939.endmatter.flyleaf.03v.tif 0.011043 0.025799 0.010833 0.005833
Francais3939.endmatter.pastedown.tif 0.030012 0.012240 0.010000 0.007500
Francais3939.binding.backcover.tif 0.011043 0.012077 0.007500 0.009167
Francais3939.binding.foredge.tif 0.073333 0.060000 0.010833 0.013333
Francais3939.binding.head.tif 0.088542 0.104167 0.013333 0.015000
Francais3939.binding.spine.tif 0.064000 0.096000 0.011667 0.012500
Francais3939.binding.tail.tif 0.098958 0.078125 0.013333 0.015000
Francais3939.misc.color.tif 0.012077 0.007246 0.009167 0.008333
