CodPoetPhil6.binding.frontcover.tif 0.045000 0.111250 0.039095 0.045267
CodPoetPhil6.frontmatter.pastedown.tif 0.136250 0.070000 0.052953 0.050916
CodPoetPhil6.frontmatter.flyleaf.01r.tif 0.087500 0.163750 0.067901 0.067490
CodPoetPhil6.frontmatter.flyleaf.01v.tif 0.131000 0.120000 0.077425 0.057050
CodPoetPhil6.frontmatter.flyleaf.02r.tif 0.122000 0.191000 0.055967 0.079835
CodPoetPhil6.frontmatter.flyleaf.02v.tif 0.131000 0.126000 0.077425 0.061125
CodPoetPhil6.frontmatter.flyleaf.03r.tif 0.107000 0.192000 0.062551 0.089712
CodPoetPhil6.frontmatter.flyleaf.03v.tif 0.158750 0.113750 0.077425 0.069246
CodPoetPhil6.frontmatter.flyleaf.04r.tif 0.112500 0.171250 0.062551 0.070988
CodPoetPhil6.frontmatter.flyleaf.04v.tif 0.172500 0.116250 0.078411 0.056008
CodPoetPhil6.frontmatter.flyleaf.05r.tif 0.110000 0.180000 0.061728 0.068930
CodPoetPhil6.frontmatter.flyleaf.05v.tif 0.167500 0.118750 0.057026 0.088595
CodPoetPhil6.frontmatter.flyleaf.06r.tif 0.110000 0.158750 0.086420 0.091564
CodPoetPhil6.frontmatter.flyleaf.06v.tif 0.121250 0.115000 0.094705 0.049898
CodPoetPhil6.001r.tif 0.111250 0.157500 0.064815 0.081276
CodPoetPhil6.001v.tif 0.171250 0.121250 0.077393 0.072301
CodPoetPhil6.002r.tif 0.106250 0.175000 0.062757 0.072016
CodPoetPhil6.002v.tif 0.168750 0.116250 0.077393 0.067210
CodPoetPhil6.003r.tif 0.115000 0.140000 0.058642 0.066872
CodPoetPhil6.003v.tif 0.168750 0.116250 0.072301 0.058045
CodPoetPhil6.004r.tif 0.115000 0.146250 0.059671 0.066872
CodPoetPhil6.004v.tif 0.168750 0.116250 0.072301 0.058045
CodPoetPhil6.005r.tif 0.115000 0.146250 0.056584 0.066872
CodPoetPhil6.005v.tif 0.168750 0.116250 0.072301 0.058045
CodPoetPhil6.006r.tif 0.115000 0.146250 0.056584 0.066872
CodPoetPhil6.006v.tif 0.161250 0.117500 0.075356 0.060081
CodPoetPhil6.007r.tif 0.115000 0.157500 0.055556 0.073045
CodPoetPhil6.007v.tif 0.161250 0.118750 0.077393 0.060081
CodPoetPhil6.008r.tif 0.115000 0.152500 0.062757 0.073045
CodPoetPhil6.008v.tif 0.147500 0.118750 0.079430 0.060081
CodPoetPhil6.009r.tif 0.120000 0.152500 0.061728 0.073045
CodPoetPhil6.009v.tif 0.165000 0.088750 0.086558 0.060081
CodPoetPhil6.010r.tif 0.120000 0.152500 0.061728 0.073045
CodPoetPhil6.010v.tif 0.165000 0.105000 0.079430 0.060081
CodPoetPhil6.011r.tif 0.120000 0.152500 0.061728 0.073045
CodPoetPhil6.011v.tif 0.155000 0.108750 0.075356 0.060081
CodPoetPhil6.012r.tif 0.120000 0.152500 0.061728 0.073045
CodPoetPhil6.012v.tif 0.155000 0.108750 0.075356 0.060081
CodPoetPhil6.013r.tif 0.120000 0.143750 0.056584 0.073045
CodPoetPhil6.013v.tif 0.155000 0.108750 0.077393 0.060081
CodPoetPhil6.014r.tif 0.117500 0.141250 0.059671 0.073045
CodPoetPhil6.014v.tif 0.161250 0.112500 0.076375 0.063136
CodPoetPhil6.015r.tif 0.117500 0.145000 0.059671 0.073045
CodPoetPhil6.015v.tif 0.166250 0.112500 0.074338 0.068228
CodPoetPhil6.016r.tif 0.115000 0.152500 0.061728 0.077160
CodPoetPhil6.016v.tif 0.166250 0.102500 0.074338 0.054990
CodPoetPhil6.017r.tif 0.102500 0.162500 0.059671 0.070988
CodPoetPhil6.017v.tif 0.166250 0.105000 0.075356 0.060081
CodPoetPhil6.018r.tif 0.102500 0.167500 0.059671 0.076132
CodPoetPhil6.018v.tif 0.166250 0.105000 0.075356 0.060081
CodPoetPhil6.019r.tif 0.090000 0.167500 0.062757 0.076132
CodPoetPhil6.019v.tif 0.160000 0.105000 0.071283 0.060081
CodPoetPhil6.020r.tif 0.095000 0.167500 0.062757 0.078189
CodPoetPhil6.020v.tif 0.160000 0.105000 0.071283 0.060081
CodPoetPhil6.021r.tif 0.101250 0.162500 0.055556 0.079218
CodPoetPhil6.021v.tif 0.153750 0.105000 0.071283 0.060081
CodPoetPhil6.022r.tif 0.101250 0.172500 0.052469 0.079218
CodPoetPhil6.022v.tif 0.158750 0.105000 0.072301 0.060081
CodPoetPhil6.023r.tif 0.101250 0.172500 0.054527 0.079218
CodPoetPhil6.023v.tif 0.158750 0.105000 0.067210 0.060081
CodPoetPhil6.024r.tif 0.101250 0.183750 0.052469 0.079218
CodPoetPhil6.024v.tif 0.158750 0.097500 0.074338 0.060081
CodPoetPhil6.025r.tif 0.092500 0.187500 0.051440 0.079218
CodPoetPhil6.025v.tif 0.158750 0.115000 0.071283 0.060081
CodPoetPhil6.026r.tif 0.092500 0.187500 0.051440 0.079218
CodPoetPhil6.026v.tif 0.158750 0.120000 0.071283 0.060081
CodPoetPhil6.027r.tif 0.082500 0.187500 0.059671 0.079218
CodPoetPhil6.027v.tif 0.157500 0.120000 0.075356 0.060081
CodPoetPhil6.028r.tif 0.113750 0.156250 0.054527 0.079218
CodPoetPhil6.028v.tif 0.157500 0.123750 0.073320 0.057026
CodPoetPhil6.029r.tif 0.117500 0.156250 0.054527 0.075103
CodPoetPhil6.029v.tif 0.157500 0.125000 0.073320 0.058045
CodPoetPhil6.030r.tif 0.121250 0.160000 0.055556 0.079218
CodPoetPhil6.030v.tif 0.147500 0.125000 0.073320 0.053971
CodPoetPhil6.031r.tif 0.107500 0.173750 0.054527 0.079218
CodPoetPhil6.031v.tif 0.156250 0.120000 0.073320 0.060081
CodPoetPhil6.032r.tif 0.110000 0.148750 0.053498 0.076132
CodPoetPhil6.032v.tif 0.167500 0.120000 0.068228 0.057026
CodPoetPhil6.033r.tif 0.110000 0.148750 0.056584 0.076132
CodPoetPhil6.033v.tif 0.167500 0.115000 0.071283 0.061100
CodPoetPhil6.034r.tif 0.110000 0.148750 0.056584 0.076132
CodPoetPhil6.034v.tif 0.167500 0.115000 0.073320 0.057026
CodPoetPhil6.035r.tif 0.112500 0.156250 0.056584 0.076132
CodPoetPhil6.035v.tif 0.167500 0.116250 0.073320 0.057026
CodPoetPhil6.036r.tif 0.095000 0.177500 0.053498 0.076132
CodPoetPhil6.036v.tif 0.167500 0.116250 0.073320 0.057026
CodPoetPhil6.037r.tif 0.096250 0.178750 0.059671 0.076132
CodPoetPhil6.037v.tif 0.167500 0.116250 0.073320 0.057026
CodPoetPhil6.038r.tif 0.096250 0.170000 0.055556 0.076132
CodPoetPhil6.038v.tif 0.162500 0.116250 0.073320 0.057026
CodPoetPhil6.039r.tif 0.092500 0.170000 0.060700 0.076132
CodPoetPhil6.039v.tif 0.162500 0.121250 0.073320 0.062118
CodPoetPhil6.040r.tif 0.102500 0.141250 0.057613 0.076132
CodPoetPhil6.040v.tif 0.140000 0.122500 0.070265 0.062118
CodPoetPhil6.041r.tif 0.106250 0.141250 0.058642 0.076132
CodPoetPhil6.041v.tif 0.156250 0.117500 0.072301 0.062118
CodPoetPhil6.042r.tif 0.112500 0.143750 0.058642 0.076132
CodPoetPhil6.042v.tif 0.156250 0.117500 0.072301 0.062118
CodPoetPhil6.043r.tif 0.112500 0.143750 0.058642 0.076132
CodPoetPhil6.043v.tif 0.156250 0.121250 0.073320 0.062118
CodPoetPhil6.044r.tif 0.113750 0.145000 0.055556 0.076132
CodPoetPhil6.044v.tif 0.151250 0.121250 0.073320 0.062118
CodPoetPhil6.045r.tif 0.112500 0.145000 0.058642 0.076132
CodPoetPhil6.045v.tif 0.151250 0.121250 0.070265 0.062118
CodPoetPhil6.046r.tif 0.112500 0.148750 0.055556 0.076132
CodPoetPhil6.046v.tif 0.151250 0.122500 0.070265 0.062118
CodPoetPhil6.047r.tif 0.108750 0.148750 0.059671 0.076132
CodPoetPhil6.047v.tif 0.145000 0.122500 0.071283 0.062118
CodPoetPhil6.048r.tif 0.112500 0.146250 0.054527 0.076132
CodPoetPhil6.048v.tif 0.145000 0.122500 0.071283 0.062118
CodPoetPhil6.049r.tif 0.115000 0.146250 0.056584 0.076132
CodPoetPhil6.049v.tif 0.147500 0.122500 0.069246 0.062118
CodPoetPhil6.050r.tif 0.115000 0.146250 0.056584 0.076132
CodPoetPhil6.050v.tif 0.151250 0.117500 0.071283 0.062118
CodPoetPhil6.051r.tif 0.107500 0.148750 0.058642 0.076132
CodPoetPhil6.051v.tif 0.151250 0.117500 0.071283 0.062118
CodPoetPhil6.052r.tif 0.112500 0.148750 0.058642 0.076132
CodPoetPhil6.052v.tif 0.151250 0.117500 0.071283 0.062118
CodPoetPhil6.053r.tif 0.110000 0.148750 0.058642 0.076132
CodPoetPhil6.053v.tif 0.151250 0.117500 0.071283 0.058045
CodPoetPhil6.054r.tif 0.117500 0.148750 0.058642 0.076132
CodPoetPhil6.054v.tif 0.151250 0.117500 0.071283 0.058045
CodPoetPhil6.055r.tif 0.117500 0.150000 0.054527 0.076132
CodPoetPhil6.055v.tif 0.153750 0.117500 0.076375 0.058045
CodPoetPhil6.056r.tif 0.117500 0.150000 0.054527 0.076132
CodPoetPhil6.056v.tif 0.147500 0.117500 0.075356 0.058045
CodPoetPhil6.057r.tif 0.117500 0.150000 0.054527 0.076132
CodPoetPhil6.057v.tif 0.152500 0.117500 0.075356 0.058045
CodPoetPhil6.058r.tif 0.121250 0.150000 0.054527 0.076132
CodPoetPhil6.058v.tif 0.160000 0.117500 0.079430 0.056008
CodPoetPhil6.059r.tif 0.118750 0.151250 0.055556 0.076132
CodPoetPhil6.059v.tif 0.160000 0.117500 0.079430 0.056008
CodPoetPhil6.060r.tif 0.122500 0.151250 0.059671 0.079218
CodPoetPhil6.060v.tif 0.158750 0.117500 0.079430 0.054990
CodPoetPhil6.061r.tif 0.122500 0.153750 0.057613 0.079218
CodPoetPhil6.061v.tif 0.153750 0.117500 0.075356 0.054990
CodPoetPhil6.062r.tif 0.127500 0.153750 0.057613 0.079218
CodPoetPhil6.062v.tif 0.153750 0.117500 0.075356 0.054990
CodPoetPhil6.063r.tif 0.127500 0.150000 0.057613 0.077160
CodPoetPhil6.063v.tif 0.153750 0.125000 0.071283 0.064155
CodPoetPhil6.064r.tif 0.127500 0.153750 0.059671 0.077160
CodPoetPhil6.064v.tif 0.151250 0.128750 0.072301 0.063136
CodPoetPhil6.065r.tif 0.127500 0.155000 0.057613 0.077160
CodPoetPhil6.065v.tif 0.151250 0.128750 0.072301 0.063136
CodPoetPhil6.066r.tif 0.127500 0.155000 0.057613 0.077160
CodPoetPhil6.066v.tif 0.151250 0.128750 0.072301 0.063136
CodPoetPhil6.067r.tif 0.123750 0.146250 0.057613 0.077160
CodPoetPhil6.067v.tif 0.151250 0.128750 0.069246 0.063136
CodPoetPhil6.068r.tif 0.126250 0.146250 0.060700 0.077160
CodPoetPhil6.068v.tif 0.151250 0.128750 0.069246 0.063136
CodPoetPhil6.069r.tif 0.126250 0.146250 0.060700 0.077160
CodPoetPhil6.069v.tif 0.158750 0.128750 0.075356 0.062118
CodPoetPhil6.070r.tif 0.126250 0.146250 0.060700 0.077160
CodPoetPhil6.070v.tif 0.158750 0.128750 0.075356 0.062118
CodPoetPhil6.071r.tif 0.126250 0.145000 0.052469 0.077160
CodPoetPhil6.071v.tif 0.151250 0.117500 0.071283 0.071283
CodPoetPhil6.072r.tif 0.125000 0.145000 0.057613 0.077160
CodPoetPhil6.072v.tif 0.161250 0.117500 0.071283 0.068228
CodPoetPhil6.073r.tif 0.120000 0.145000 0.061728 0.077160
CodPoetPhil6.073v.tif 0.161250 0.117500 0.071283 0.068228
CodPoetPhil6.074r.tif 0.120000 0.151250 0.054527 0.077160
CodPoetPhil6.074v.tif 0.161250 0.117500 0.071283 0.068228
CodPoetPhil6.075r.tif 0.120000 0.151250 0.054527 0.077160
CodPoetPhil6.075v.tif 0.161250 0.117500 0.071283 0.068228
CodPoetPhil6.076r.tif 0.120000 0.151250 0.054527 0.077160
CodPoetPhil6.076v.tif 0.161250 0.117500 0.071283 0.068228
CodPoetPhil6.077r.tif 0.116250 0.151250 0.056584 0.077160
CodPoetPhil6.077v.tif 0.168750 0.112500 0.073320 0.067210
CodPoetPhil6.078r.tif 0.127500 0.140000 0.057613 0.076131
CodPoetPhil6.078v.tif 0.168750 0.112500 0.073320 0.067210
CodPoetPhil6.079r.tif 0.127500 0.140000 0.057613 0.076131
CodPoetPhil6.079v.tif 0.162500 0.112500 0.070265 0.067210
CodPoetPhil6.080r.tif 0.126250 0.137500 0.054527 0.076131
CodPoetPhil6.080v.tif 0.162500 0.112500 0.070265 0.067210
CodPoetPhil6.081r.tif 0.126250 0.137500 0.054527 0.076131
CodPoetPhil6.081v.tif 0.112500 0.126250 0.063136 0.063137
CodPoetPhil6.082r.tif 0.126250 0.146250 0.052469 0.076131
CodPoetPhil6.082v.tif 0.127500 0.132500 0.059063 0.073320
CodPoetPhil6.083r.tif 0.112500 0.146250 0.057613 0.076131
CodPoetPhil6.083v.tif 0.137500 0.132500 0.056008 0.072301
CodPoetPhil6.084r.tif 0.112500 0.146250 0.057613 0.076131
CodPoetPhil6.084v.tif 0.137500 0.138750 0.056008 0.070265
CodPoetPhil6.085r.tif 0.112500 0.146250 0.057613 0.076131
CodPoetPhil6.085v.tif 0.131250 0.138750 0.066191 0.070265
CodPoetPhil6.086r.tif 0.112500 0.146250 0.057613 0.080247
CodPoetPhil6.086v.tif 0.131250 0.138750 0.066191 0.070265
CodPoetPhil6.087r.tif 0.112500 0.146250 0.057613 0.080247
CodPoetPhil6.087v.tif 0.131250 0.138750 0.066191 0.070265
CodPoetPhil6.088r.tif 0.116250 0.146250 0.057613 0.080247
CodPoetPhil6.088v.tif 0.123750 0.138750 0.062118 0.070265
CodPoetPhil6.089r.tif 0.122500 0.146250 0.057613 0.080247
CodPoetPhil6.089v.tif 0.135000 0.138750 0.063136 0.070265
CodPoetPhil6.090r.tif 0.101250 0.157500 0.040123 0.084362
CodPoetPhil6.090v.tif 0.135000 0.138750 0.063136 0.070265
CodPoetPhil6.091r.tif 0.101250 0.157500 0.048354 0.084362
CodPoetPhil6.091v.tif 0.123750 0.138750 0.061100 0.070265
CodPoetPhil6.092r.tif 0.101250 0.157500 0.048354 0.084362
CodPoetPhil6.092v.tif 0.123750 0.138750 0.061100 0.070265
CodPoetPhil6.093r.tif 0.101250 0.168750 0.042181 0.084362
CodPoetPhil6.093v.tif 0.123750 0.127500 0.067210 0.070265
CodPoetPhil6.094r.tif 0.101250 0.167500 0.054527 0.078189
CodPoetPhil6.094v.tif 0.135000 0.127500 0.060081 0.070265
CodPoetPhil6.095r.tif 0.101250 0.167500 0.054527 0.078189
CodPoetPhil6.095v.tif 0.135000 0.131250 0.064155 0.070265
CodPoetPhil6.096r.tif 0.101250 0.167500 0.059671 0.078189
CodPoetPhil6.096v.tif 0.135000 0.131250 0.064155 0.070265
CodPoetPhil6.097r.tif 0.101250 0.167500 0.066872 0.066872
CodPoetPhil6.097v.tif 0.135000 0.131250 0.060081 0.070265
CodPoetPhil6.098r.tif 0.101250 0.167500 0.066872 0.066872
CodPoetPhil6.098v.tif 0.135000 0.131250 0.060081 0.070265
CodPoetPhil6.099r.tif 0.101250 0.167500 0.066872 0.066872
CodPoetPhil6.099v.tif 0.141250 0.131250 0.062118 0.066191
CodPoetPhil6.100r.tif 0.101250 0.167500 0.066872 0.066872
CodPoetPhil6.100v.tif 0.141250 0.131250 0.062118 0.066191
CodPoetPhil6.101r.tif 0.101250 0.167500 0.066872 0.066872
CodPoetPhil6.101v.tif 0.133750 0.131250 0.062118 0.066191
CodPoetPhil6.102r.tif 0.101250 0.167500 0.066872 0.066872
CodPoetPhil6.102v.tif 0.133750 0.131250 0.062118 0.066191
CodPoetPhil6.103r.tif 0.098750 0.162500 0.067901 0.065844
CodPoetPhil6.103v.tif 0.133750 0.131250 0.064155 0.066191
CodPoetPhil6.104r.tif 0.098750 0.162500 0.067901 0.065844
CodPoetPhil6.104v.tif 0.133750 0.131250 0.064155 0.066191
CodPoetPhil6.105r.tif 0.098750 0.162500 0.066872 0.065844
CodPoetPhil6.105v.tif 0.131250 0.131250 0.064155 0.066191
CodPoetPhil6.106r.tif 0.098750 0.162500 0.070988 0.065844
CodPoetPhil6.106v.tif 0.131250 0.131250 0.064155 0.066191
CodPoetPhil6.107r.tif 0.103750 0.162500 0.066872 0.065844
CodPoetPhil6.107v.tif 0.136250 0.136250 0.064155 0.066191
CodPoetPhil6.108r.tif 0.103750 0.162500 0.063786 0.065844
CodPoetPhil6.108v.tif 0.136250 0.136250 0.064155 0.066191
CodPoetPhil6.109r.tif 0.103750 0.162500 0.066872 0.065844
CodPoetPhil6.109v.tif 0.136250 0.138750 0.064155 0.066191
CodPoetPhil6.110r.tif 0.103750 0.150000 0.066872 0.068930
CodPoetPhil6.110v.tif 0.123750 0.146250 0.060081 0.066191
CodPoetPhil6.111r.tif 0.113750 0.150000 0.066872 0.068930
CodPoetPhil6.111v.tif 0.123750 0.146250 0.060081 0.070265
CodPoetPhil6.112r.tif 0.113750 0.150000 0.066872 0.068930
CodPoetPhil6.112v.tif 0.130000 0.146250 0.060081 0.070265
CodPoetPhil6.113r.tif 0.113750 0.150000 0.066872 0.068930
CodPoetPhil6.113v.tif 0.130000 0.146250 0.060081 0.070265
CodPoetPhil6.114r.tif 0.113750 0.150000 0.066872 0.068930
CodPoetPhil6.114v.tif 0.125000 0.146250 0.060081 0.070265
CodPoetPhil6.115r.tif 0.113750 0.150000 0.066872 0.068930
CodPoetPhil6.115v.tif 0.125000 0.146250 0.060081 0.070265
CodPoetPhil6.116r.tif 0.113750 0.150000 0.066872 0.068930
CodPoetPhil6.116v.tif 0.130000 0.146250 0.060081 0.070265
CodPoetPhil6.117r.tif 0.113750 0.150000 0.066872 0.068930
CodPoetPhil6.117v.tif 0.130000 0.127500 0.060081 0.070265
CodPoetPhil6.118r.tif 0.117500 0.138750 0.066872 0.077160
CodPoetPhil6.118v.tif 0.137500 0.127500 0.060081 0.070265
CodPoetPhil6.119r.tif 0.117500 0.138750 0.066872 0.077160
CodPoetPhil6.119v.tif 0.137500 0.116250 0.060081 0.070265
CodPoetPhil6.120r.tif 0.117500 0.138750 0.066872 0.077160
CodPoetPhil6.120v.tif 0.137500 0.116250 0.060081 0.070265
CodPoetPhil6.121r.tif 0.117500 0.147500 0.066872 0.077160
CodPoetPhil6.121v.tif 0.150000 0.116250 0.060081 0.070265
CodPoetPhil6.122r.tif 0.117500 0.147500 0.066872 0.077160
CodPoetPhil6.122v.tif 0.150000 0.116250 0.060081 0.070265
CodPoetPhil6.123r.tif 0.117500 0.152500 0.066872 0.077160
CodPoetPhil6.123v.tif 0.143750 0.116250 0.060081 0.070265
CodPoetPhil6.124r.tif 0.112500 0.153750 0.062757 0.077160
CodPoetPhil6.124v.tif 0.143750 0.116250 0.063136 0.070265
CodPoetPhil6.125r.tif 0.103750 0.153750 0.062757 0.077160
CodPoetPhil6.125v.tif 0.143750 0.116250 0.063136 0.070265
CodPoetPhil6.126r.tif 0.103750 0.153750 0.062757 0.077160
CodPoetPhil6.126v.tif 0.147500 0.116250 0.063136 0.079430
CodPoetPhil6.127r.tif 0.103750 0.153750 0.062757 0.077160
CodPoetPhil6.127v.tif 0.153750 0.116250 0.063136 0.079430
CodPoetPhil6.128r.tif 0.103750 0.153750 0.062757 0.077160
CodPoetPhil6.128v.tif 0.167500 0.116250 0.056008 0.085540
CodPoetPhil6.129r.tif 0.103750 0.153750 0.062757 0.077160
CodPoetPhil6.129v.tif 0.163750 0.093750 0.056008 0.085540
CodPoetPhil6.130r.tif 0.103750 0.153750 0.062757 0.077160
CodPoetPhil6.130v.tif 0.163750 0.090000 0.078411 0.071283
CodPoetPhil6.131r.tif 0.103750 0.153750 0.062757 0.083333
CodPoetPhil6.131v.tif 0.168750 0.090000 0.078411 0.071283
CodPoetPhil6.132r.tif 0.103750 0.153750 0.062757 0.083333
CodPoetPhil6.132v.tif 0.168750 0.090000 0.078411 0.071283
CodPoetPhil6.133r.tif 0.103750 0.161250 0.062757 0.083333
CodPoetPhil6.133v.tif 0.168750 0.090000 0.078411 0.071283
CodPoetPhil6.134r.tif 0.090000 0.168750 0.062757 0.083333
CodPoetPhil6.134v.tif 0.168750 0.090000 0.078411 0.071283
CodPoetPhil6.135r.tif 0.090000 0.168750 0.062757 0.083333
CodPoetPhil6.135v.tif 0.168750 0.090000 0.078411 0.070265
CodPoetPhil6.136r.tif 0.090000 0.168750 0.062757 0.083333
CodPoetPhil6.136v.tif 0.168750 0.090000 0.078411 0.070265
CodPoetPhil6.137r.tif 0.090000 0.168750 0.062757 0.083333
CodPoetPhil6.137v.tif 0.168750 0.090000 0.078411 0.070265
CodPoetPhil6.138r.tif 0.090000 0.168750 0.062757 0.083333
CodPoetPhil6.138v.tif 0.168750 0.103750 0.078411 0.062118
CodPoetPhil6.139r.tif 0.090000 0.160000 0.062757 0.078189
CodPoetPhil6.139v.tif 0.168750 0.106250 0.078411 0.062118
CodPoetPhil6.140r.tif 0.090000 0.160000 0.062757 0.078189
CodPoetPhil6.140v.tif 0.168750 0.101250 0.078411 0.068228
CodPoetPhil6.141r.tif 0.090000 0.163750 0.065844 0.078189
CodPoetPhil6.141v.tif 0.158750 0.101250 0.078411 0.070265
CodPoetPhil6.142r.tif 0.085000 0.163750 0.069959 0.078189
CodPoetPhil6.142v.tif 0.158750 0.101250 0.078411 0.070265
CodPoetPhil6.143r.tif 0.085000 0.163750 0.069959 0.078189
CodPoetPhil6.143v.tif 0.158750 0.101250 0.078411 0.070265
CodPoetPhil6.144r.tif 0.085000 0.163750 0.069959 0.078189
CodPoetPhil6.144v.tif 0.158750 0.101250 0.078411 0.068228
CodPoetPhil6.145r.tif 0.085000 0.163750 0.069959 0.078189
CodPoetPhil6.145v.tif 0.158750 0.101250 0.078411 0.068228
CodPoetPhil6.146r.tif 0.085000 0.163750 0.069959 0.078189
CodPoetPhil6.146v.tif 0.150000 0.091250 0.077393 0.066191
CodPoetPhil6.147r.tif 0.085000 0.163750 0.069959 0.078189
CodPoetPhil6.147v.tif 0.150000 0.091250 0.077393 0.066191
CodPoetPhil6.148r.tif 0.096250 0.163750 0.068930 0.078189
CodPoetPhil6.148v.tif 0.150000 0.097500 0.077393 0.066191
CodPoetPhil6.149r.tif 0.096250 0.163750 0.068930 0.078189
CodPoetPhil6.149v.tif 0.156250 0.097500 0.077393 0.066191
CodPoetPhil6.150r.tif 0.096250 0.163750 0.068930 0.078189
CodPoetPhil6.150v.tif 0.156250 0.097500 0.077393 0.066191
CodPoetPhil6.151r.tif 0.096250 0.163750 0.068930 0.078189
CodPoetPhil6.151v.tif 0.156250 0.097500 0.077393 0.066191
CodPoetPhil6.152r.tif 0.096250 0.163750 0.064815 0.078189
CodPoetPhil6.152v.tif 0.156250 0.097500 0.077393 0.066191
CodPoetPhil6.153r.tif 0.096250 0.163750 0.059671 0.078189
CodPoetPhil6.153v.tif 0.156250 0.097500 0.077393 0.066191
CodPoetPhil6.154r.tif 0.096250 0.160000 0.059671 0.078189
CodPoetPhil6.154v.tif 0.156250 0.097500 0.077393 0.066191
CodPoetPhil6.155r.tif 0.096250 0.160000 0.059671 0.078189
CodPoetPhil6.155v.tif 0.156250 0.097500 0.077393 0.066191
CodPoetPhil6.156r.tif 0.096250 0.160000 0.059671 0.078189
CodPoetPhil6.156v.tif 0.156250 0.072500 0.079430 0.067210
CodPoetPhil6.157r.tif 0.096250 0.160000 0.059671 0.078189
CodPoetPhil6.157v.tif 0.162500 0.072500 0.075356 0.067210
CodPoetPhil6.158r.tif 0.096250 0.173750 0.059671 0.078189
CodPoetPhil6.158v.tif 0.162500 0.081250 0.075356 0.067210
CodPoetPhil6.159r.tif 0.096250 0.166250 0.050412 0.082305
CodPoetPhil6.159v.tif 0.162500 0.086250 0.075356 0.069246
CodPoetPhil6.160r.tif 0.090000 0.166250 0.057613 0.082305
CodPoetPhil6.160v.tif 0.162500 0.086250 0.075356 0.069246
CodPoetPhil6.161r.tif 0.090000 0.166250 0.057613 0.082305
CodPoetPhil6.161v.tif 0.162500 0.086250 0.075356 0.065173
CodPoetPhil6.162r.tif 0.118750 0.166250 0.069959 0.082305
CodPoetPhil6.162v.tif 0.162500 0.095000 0.075356 0.065173
CodPoetPhil6.163r.tif 0.118750 0.145000 0.069959 0.082305
CodPoetPhil6.163v.tif 0.162500 0.095000 0.075356 0.065173
CodPoetPhil6.164r.tif 0.118750 0.151250 0.069959 0.075103
CodPoetPhil6.164v.tif 0.162500 0.098750 0.082485 0.065173
CodPoetPhil6.165r.tif 0.106250 0.151250 0.069959 0.075103
CodPoetPhil6.165v.tif 0.162500 0.095000 0.083503 0.065173
CodPoetPhil6.166r.tif 0.106250 0.151250 0.069959 0.075103
CodPoetPhil6.166v.tif 0.162500 0.103750 0.086558 0.065173
CodPoetPhil6.167r.tif 0.126250 0.148750 0.063786 0.079218
CodPoetPhil6.167v.tif 0.162500 0.097500 0.077393 0.063136
CodPoetPhil6.168r.tif 0.108750 0.148750 0.067901 0.081276
CodPoetPhil6.168v.tif 0.176250 0.097500 0.077393 0.067210
CodPoetPhil6.169r.tif 0.108750 0.160000 0.061728 0.081276
CodPoetPhil6.169v.tif 0.176250 0.103750 0.077393 0.067210
CodPoetPhil6.170r.tif 0.108750 0.160000 0.061728 0.081276
CodPoetPhil6.170v.tif 0.148750 0.103750 0.087576 0.067210
CodPoetPhil6.171r.tif 0.108750 0.160000 0.061728 0.081276
CodPoetPhil6.171v.tif 0.148750 0.103750 0.087576 0.067210
CodPoetPhil6.172r.tif 0.102500 0.160000 0.067901 0.081276
CodPoetPhil6.172v.tif 0.145000 0.103750 0.081466 0.067210
CodPoetPhil6.173r.tif 0.100000 0.160000 0.064815 0.081276
CodPoetPhil6.173v.tif 0.145000 0.103750 0.081466 0.067210
CodPoetPhil6.174r.tif 0.100000 0.160000 0.064815 0.081276
CodPoetPhil6.174v.tif 0.145000 0.107500 0.082485 0.067210
CodPoetPhil6.175r.tif 0.107500 0.160000 0.064815 0.082305
CodPoetPhil6.175v.tif 0.145000 0.107500 0.082485 0.067210
CodPoetPhil6.176r.tif 0.107500 0.160000 0.064815 0.082305
CodPoetPhil6.176v.tif 0.151250 0.107500 0.082485 0.070265
CodPoetPhil6.177r.tif 0.107500 0.160000 0.064815 0.082305
CodPoetPhil6.177v.tif 0.151250 0.107500 0.082485 0.070265
CodPoetPhil6.178r.tif 0.107500 0.160000 0.064815 0.082305
CodPoetPhil6.178v.tif 0.151250 0.117500 0.081466 0.070265
CodPoetPhil6.179r.tif 0.107500 0.160000 0.064815 0.082305
CodPoetPhil6.179v.tif 0.160000 0.101250 0.081466 0.073320
CodPoetPhil6.180r.tif 0.107500 0.160000 0.064815 0.082305
CodPoetPhil6.180v.tif 0.160000 0.108750 0.081466 0.067210
CodPoetPhil6.181r.tif 0.107500 0.160000 0.064815 0.082305
CodPoetPhil6.181v.tif 0.155000 0.102500 0.089613 0.067210
CodPoetPhil6.182r.tif 0.107500 0.160000 0.064815 0.082305
CodPoetPhil6.182v.tif 0.155000 0.101250 0.089613 0.062118
CodPoetPhil6.183r.tif 0.107500 0.155000 0.058642 0.082305
CodPoetPhil6.183v.tif 0.148750 0.101250 0.089613 0.063136
CodPoetPhil6.184r.tif 0.107500 0.155000 0.058642 0.082305
CodPoetPhil6.184v.tif 0.148750 0.101250 0.089613 0.063136
CodPoetPhil6.185r.tif 0.107500 0.155000 0.058642 0.082305
CodPoetPhil6.185v.tif 0.148750 0.108750 0.089613 0.063136
CodPoetPhil6.186r.tif 0.110000 0.146250 0.060700 0.082305
CodPoetPhil6.186v.tif 0.148750 0.113750 0.092668 0.063136
CodPoetPhil6.187r.tif 0.110000 0.146250 0.065844 0.082305
CodPoetPhil6.187v.tif 0.133750 0.113750 0.092668 0.063136
CodPoetPhil6.188r.tif 0.110000 0.146250 0.065844 0.082305
CodPoetPhil6.188v.tif 0.133750 0.113750 0.092668 0.063136
CodPoetPhil6.189r.tif 0.110000 0.161250 0.067901 0.082305
CodPoetPhil6.189v.tif 0.133750 0.113750 0.092668 0.063136
CodPoetPhil6.190r.tif 0.110000 0.163750 0.059671 0.082305
CodPoetPhil6.190v.tif 0.132500 0.120000 0.093686 0.063136
CodPoetPhil6.191r.tif 0.085000 0.182500 0.060700 0.082305
CodPoetPhil6.191v.tif 0.130000 0.120000 0.084521 0.063136
CodPoetPhil6.192r.tif 0.085000 0.182500 0.060700 0.082305
CodPoetPhil6.192v.tif 0.130000 0.120000 0.084521 0.063136
CodPoetPhil6.193r.tif 0.097500 0.148750 0.060700 0.082305
CodPoetPhil6.193v.tif 0.152500 0.107500 0.084521 0.063136
CodPoetPhil6.194r.tif 0.097500 0.148750 0.060700 0.082305
CodPoetPhil6.194v.tif 0.152500 0.107500 0.084521 0.063136
CodPoetPhil6.195r.tif 0.097500 0.145000 0.064815 0.082305
CodPoetPhil6.195v.tif 0.148750 0.107500 0.084521 0.063136
CodPoetPhil6.196r.tif 0.097500 0.155000 0.064815 0.082305
CodPoetPhil6.196v.tif 0.148750 0.116250 0.084521 0.063136
CodPoetPhil6.endmatter.flyleaf.01r.tif 0.097500 0.155000 0.064815 0.082305
CodPoetPhil6.endmatter.flyleaf.01v.tif 0.148750 0.130000 0.084521 0.063136
CodPoetPhil6.endmatter.flyleaf.02r.tif 0.097500 0.176250 0.074074 0.082305
CodPoetPhil6.endmatter.flyleaf.02v.tif 0.148750 0.130000 0.084521 0.063136
CodPoetPhil6.endmatter.flyleaf.03r.tif 0.097500 0.176250 0.074074 0.082305
CodPoetPhil6.endmatter.flyleaf.03v.tif 0.148750 0.130000 0.084521 0.063136
CodPoetPhil6.endmatter.pastedown.tif 0.097500 0.176250 0.074074 0.082305
CodPoetPhil6.binding.backcover.tif 0.122500 0.062500 0.067210 0.047862
