SeldenSupra57.binding.frontcover.tif 0.080347 0.073833 0.065833 0.069167
SeldenSupra57.frontmatter.pastedown.tif 0.085590 0.092091 0.083333 0.065833
SeldenSupra57.frontmatter.bindingfragment.01r.tif 0.072303 0.710790 0.077500 0.068333
SeldenSupra57.frontmatter.bindingfragment.01v.tif 0.728061 0.075840 0.097500 0.067500
SeldenSupra57.frontmatter.flyleaf.01r.tif 0.068966 0.093437 0.065833 0.069167
SeldenSupra57.frontmatter.flyleaf.01v.tif 0.124594 0.081257 0.098333 0.065833
SeldenSupra57.frontmatter.flyleaf.02r.tif 0.094549 0.088988 0.064167 0.069167
SeldenSupra57.frontmatter.flyleaf.02v.tif 0.124594 0.081257 0.098333 0.065833
SeldenSupra57.001r.tif 0.087302 0.078231 0.069167 0.078333
SeldenSupra57.001v.tif 0.103753 0.104857 0.085000 0.071667
SeldenSupra57.002r.tif 0.094104 0.086168 0.069167 0.083333
SeldenSupra57.002v.tif 0.113687 0.099338 0.084167 0.070000
SeldenSupra57.003r.tif 0.090703 0.090703 0.075000 0.070833
SeldenSupra57.003v.tif 0.119205 0.102649 0.087500 0.069167
SeldenSupra57.004r.tif 0.094104 0.088435 0.067500 0.074167
SeldenSupra57.004v.tif 0.105960 0.100442 0.075833 0.071667
SeldenSupra57.005r.tif 0.088235 0.089367 0.069167 0.070833
SeldenSupra57.005v.tif 0.120309 0.103753 0.085000 0.074167
SeldenSupra57.006r.tif 0.099548 0.082579 0.070000 0.071667
SeldenSupra57.006v.tif 0.112583 0.092715 0.086667 0.065833
SeldenSupra57.007r.tif 0.092760 0.089367 0.070833 0.080833
SeldenSupra57.007v.tif 0.115894 0.101545 0.080000 0.075833
SeldenSupra57.008r.tif 0.082579 0.096154 0.068333 0.085833
SeldenSupra57.008v.tif 0.133554 0.077263 0.098333 0.066667
SeldenSupra57.009r.tif 0.078054 0.106335 0.066667 0.083333
SeldenSupra57.009v.tif 0.142384 0.075055 0.094167 0.074167
SeldenSupra57.010r.tif 0.082579 0.116516 0.065833 0.086667
SeldenSupra57.010v.tif 0.142384 0.072848 0.088333 0.067500
SeldenSupra57.011r.tif 0.098416 0.093891 0.070000 0.083333
SeldenSupra57.011v.tif 0.121413 0.086093 0.069167 0.080833
SeldenSupra57.012r.tif 0.097285 0.090498 0.070000 0.077500
SeldenSupra57.012v.tif 0.132450 0.090508 0.080833 0.078333
SeldenSupra57.013r.tif 0.101810 0.099548 0.068333 0.083333
SeldenSupra57.013v.tif 0.131347 0.089404 0.084167 0.078333
SeldenSupra57.014r.tif 0.091629 0.092760 0.067500 0.085000
SeldenSupra57.014v.tif 0.134658 0.083885 0.084167 0.080000
SeldenSupra57.015r.tif 0.093891 0.099548 0.061667 0.087500
SeldenSupra57.015v.tif 0.130243 0.086093 0.083333 0.071667
SeldenSupra57.016r.tif 0.089367 0.100679 0.064167 0.085000
SeldenSupra57.016v.tif 0.132450 0.088300 0.077500 0.077500
SeldenSupra57.017r.tif 0.102941 0.088235 0.067500 0.075000
SeldenSupra57.017v.tif 0.141280 0.084989 0.079167 0.079167
SeldenSupra57.018r.tif 0.110860 0.087104 0.065833 0.080833
SeldenSupra57.018v.tif 0.143488 0.084989 0.079167 0.080833
SeldenSupra57.019r.tif 0.104072 0.093891 0.068333 0.080833
SeldenSupra57.019v.tif 0.151214 0.083885 0.082500 0.079167
SeldenSupra57.020r.tif 0.101810 0.093891 0.070000 0.080000
SeldenSupra57.020v.tif 0.142384 0.081678 0.084167 0.077500
SeldenSupra57.021r.tif 0.096154 0.098416 0.060833 0.089167
SeldenSupra57.021v.tif 0.109234 0.094595 0.083333 0.076667
SeldenSupra57.022r.tif 0.087104 0.113122 0.061667 0.089167
SeldenSupra57.022v.tif 0.111486 0.097973 0.090000 0.067500
SeldenSupra57.023r.tif 0.097285 0.098416 0.060000 0.086667
SeldenSupra57.023v.tif 0.112613 0.095721 0.085833 0.079167
SeldenSupra57.024r.tif 0.114253 0.090498 0.063333 0.079167
SeldenSupra57.024v.tif 0.123874 0.097973 0.089167 0.075833
SeldenSupra57.025r.tif 0.108597 0.085973 0.064167 0.083333
SeldenSupra57.025v.tif 0.122748 0.100225 0.085000 0.077500
SeldenSupra57.026r.tif 0.088940 0.091220 0.067500 0.075000
SeldenSupra57.026v.tif 0.111486 0.096847 0.089167 0.072500
SeldenSupra57.027r.tif 0.087799 0.094641 0.068333 0.073333
SeldenSupra57.027v.tif 0.112613 0.102477 0.091667 0.075833
SeldenSupra57.028r.tif 0.084379 0.094641 0.065833 0.075833
SeldenSupra57.028v.tif 0.110360 0.101351 0.088333 0.075833
SeldenSupra57.029r.tif 0.091220 0.095781 0.066667 0.071667
SeldenSupra57.029v.tif 0.114865 0.096847 0.091667 0.073333
SeldenSupra57.030r.tif 0.125270 0.137149 0.085833 0.089167
SeldenSupra57.030v.tif 0.131166 0.103139 0.089167 0.080833
SeldenSupra57.031r.tif 0.083238 0.107184 0.066667 0.074167
SeldenSupra57.031v.tif 0.121076 0.103139 0.083333 0.080000
SeldenSupra57.032r.tif 0.086659 0.096921 0.069167 0.075833
SeldenSupra57.032v.tif 0.128924 0.102018 0.090833 0.077500
SeldenSupra57.033r.tif 0.079818 0.098062 0.065000 0.074167
SeldenSupra57.033v.tif 0.121076 0.097534 0.087500 0.081667
SeldenSupra57.034r.tif 0.079818 0.095781 0.067500 0.076667
SeldenSupra57.034v.tif 0.114350 0.085202 0.087500 0.081667
SeldenSupra57.035r.tif 0.074116 0.094641 0.069167 0.080833
SeldenSupra57.035v.tif 0.114350 0.097534 0.086667 0.079167
SeldenSupra57.036r.tif 0.071836 0.110604 0.065000 0.081667
SeldenSupra57.036v.tif 0.118834 0.099776 0.086667 0.082500
SeldenSupra57.037r.tif 0.077537 0.094641 0.066667 0.081667
SeldenSupra57.037v.tif 0.127803 0.096413 0.089167 0.075833
SeldenSupra57.038r.tif 0.077537 0.102623 0.068333 0.078333
SeldenSupra57.038v.tif 0.127803 0.094170 0.088333 0.074167
SeldenSupra57.039r.tif 0.076397 0.102623 0.065833 0.081667
SeldenSupra57.039v.tif 0.125561 0.097534 0.086667 0.074167
SeldenSupra57.040r.tif 0.101925 0.084938 0.072500 0.076667
SeldenSupra57.040v.tif 0.130045 0.093049 0.086667 0.080000
SeldenSupra57.041r.tif 0.105323 0.091733 0.066667 0.078333
SeldenSupra57.041v.tif 0.127973 0.097395 0.090833 0.069167
SeldenSupra57.042r.tif 0.106455 0.088335 0.075000 0.079167
SeldenSupra57.042v.tif 0.108720 0.099660 0.094167 0.069167
SeldenSupra57.043r.tif 0.100793 0.082673 0.066667 0.073333
SeldenSupra57.043v.tif 0.115515 0.093998 0.085833 0.070833
SeldenSupra57.044r.tif 0.104190 0.086070 0.069167 0.079167
SeldenSupra57.044v.tif 0.115515 0.097395 0.091667 0.068333
SeldenSupra57.045r.tif 0.112118 0.074745 0.077500 0.074167
SeldenSupra57.045v.tif 0.115515 0.091733 0.098333 0.077500
SeldenSupra57.046r.tif 0.117780 0.086070 0.076667 0.075000
SeldenSupra57.046v.tif 0.110122 0.107898 0.087500 0.079167
SeldenSupra57.047r.tif 0.102679 0.087054 0.070000 0.081667
SeldenSupra57.047v.tif 0.105673 0.104561 0.087500 0.082500
SeldenSupra57.048r.tif 0.106027 0.090402 0.070000 0.078333
SeldenSupra57.048v.tif 0.105673 0.104561 0.090000 0.082500
SeldenSupra57.049r.tif 0.102679 0.089286 0.070833 0.078333
SeldenSupra57.049v.tif 0.117909 0.088988 0.091667 0.075000
SeldenSupra57.050r.tif 0.102679 0.092634 0.069167 0.080833
SeldenSupra57.050v.tif 0.122358 0.087875 0.090000 0.072500
SeldenSupra57.051r.tif 0.106027 0.084821 0.067500 0.082500
SeldenSupra57.051v.tif 0.092920 0.105088 0.081667 0.070000
SeldenSupra57.052r.tif 0.100446 0.081473 0.067500 0.081667
SeldenSupra57.052v.tif 0.098451 0.103982 0.086667 0.071667
SeldenSupra57.053r.tif 0.100446 0.089286 0.069167 0.080000
SeldenSupra57.053v.tif 0.099558 0.103982 0.089167 0.071667
SeldenSupra57.054r.tif 0.093049 0.089686 0.070000 0.080000
SeldenSupra57.054v.tif 0.105088 0.088496 0.090000 0.060000
SeldenSupra57.055r.tif 0.094170 0.095291 0.067500 0.080833
SeldenSupra57.055v.tif 0.107503 0.104143 0.084167 0.071667
SeldenSupra57.056r.tif 0.096413 0.095291 0.065833 0.080000
SeldenSupra57.056v.tif 0.100784 0.104143 0.081667 0.070833
SeldenSupra57.057r.tif 0.100897 0.089686 0.069167 0.077500
SeldenSupra57.057v.tif 0.095185 0.101904 0.080000 0.069167
SeldenSupra57.058r.tif 0.100897 0.099776 0.065833 0.079167
SeldenSupra57.058v.tif 0.096305 0.105263 0.073333 0.071667
SeldenSupra57.059r.tif 0.105381 0.093049 0.069167 0.079167
SeldenSupra57.059v.tif 0.095344 0.098670 0.077500 0.071667
SeldenSupra57.060r.tif 0.102018 0.091928 0.064167 0.075833
SeldenSupra57.060v.tif 0.089800 0.104213 0.073333 0.073333
SeldenSupra57.061r.tif 0.095291 0.095291 0.067500 0.076667
SeldenSupra57.061v.tif 0.093126 0.103104 0.080000 0.068333
SeldenSupra57.062r.tif 0.099776 0.087444 0.065833 0.079167
SeldenSupra57.062v.tif 0.084257 0.103104 0.076667 0.075833
SeldenSupra57.063r.tif 0.098655 0.102018 0.060833 0.086667
SeldenSupra57.063v.tif 0.088692 0.098670 0.076667 0.070000
SeldenSupra57.064r.tif 0.100897 0.104260 0.065833 0.082500
SeldenSupra57.064v.tif 0.090909 0.098670 0.082500 0.072500
SeldenSupra57.065r.tif 0.097534 0.098655 0.068333 0.082500
SeldenSupra57.065v.tif 0.090909 0.098670 0.080833 0.068333
SeldenSupra57.066r.tif 0.093049 0.100897 0.067500 0.079167
SeldenSupra57.066v.tif 0.093437 0.097887 0.080000 0.074167
SeldenSupra57.067r.tif 0.103255 0.090909 0.073333 0.080833
SeldenSupra57.067v.tif 0.096774 0.100111 0.077500 0.072500
SeldenSupra57.068r.tif 0.106622 0.087542 0.066667 0.081667
SeldenSupra57.068v.tif 0.102336 0.098999 0.080833 0.071667
SeldenSupra57.069r.tif 0.113356 0.085297 0.071667 0.082500
SeldenSupra57.069v.tif 0.096133 0.108287 0.087500 0.070000
SeldenSupra57.070r.tif 0.116723 0.080808 0.066667 0.084167
SeldenSupra57.070v.tif 0.087293 0.100552 0.080000 0.080833
SeldenSupra57.071r.tif 0.102132 0.078563 0.068333 0.083333
SeldenSupra57.071v.tif 0.095028 0.107182 0.080833 0.069167
SeldenSupra57.072r.tif 0.113356 0.076319 0.065000 0.085000
SeldenSupra57.072v.tif 0.093923 0.108287 0.076667 0.073333
SeldenSupra57.073r.tif 0.127946 0.074074 0.071667 0.082500
SeldenSupra57.073v.tif 0.099448 0.108287 0.085000 0.072500
SeldenSupra57.074r.tif 0.121212 0.080808 0.070833 0.083333
SeldenSupra57.074v.tif 0.103867 0.110497 0.084167 0.070000
SeldenSupra57.075r.tif 0.124579 0.079686 0.065833 0.087500
SeldenSupra57.075v.tif 0.112707 0.103867 0.082500 0.070833
SeldenSupra57.076r.tif 0.133558 0.076319 0.066667 0.085833
SeldenSupra57.076v.tif 0.101657 0.101657 0.082500 0.070000
SeldenSupra57.077r.tif 0.130191 0.065095 0.065000 0.085833
SeldenSupra57.077v.tif 0.100223 0.101336 0.081667 0.069167
SeldenSupra57.078r.tif 0.112975 0.096197 0.075833 0.084167
SeldenSupra57.078v.tif 0.101336 0.094655 0.080000 0.083333
SeldenSupra57.079r.tif 0.109620 0.090604 0.071667 0.079167
SeldenSupra57.079v.tif 0.104677 0.103563 0.065000 0.087500
SeldenSupra57.080r.tif 0.117450 0.092841 0.079167 0.079167
SeldenSupra57.080v.tif 0.108018 0.105791 0.065833 0.092500
SeldenSupra57.081r.tif 0.111857 0.089485 0.077500 0.086667
SeldenSupra57.081v.tif 0.100223 0.104677 0.063333 0.095000
SeldenSupra57.082r.tif 0.102793 0.092737 0.075000 0.081667
SeldenSupra57.082v.tif 0.095768 0.105791 0.085000 0.068333
SeldenSupra57.083r.tif 0.090503 0.111732 0.070833 0.085833
SeldenSupra57.083v.tif 0.099109 0.105791 0.081667 0.075000
SeldenSupra57.084r.tif 0.072626 0.120670 0.070833 0.085833
SeldenSupra57.084v.tif 0.100223 0.104677 0.085833 0.070000
SeldenSupra57.085r.tif 0.101676 0.087151 0.071667 0.078333
SeldenSupra57.085v.tif 0.103563 0.104677 0.080833 0.070833
SeldenSupra57.086r.tif 0.105028 0.089385 0.065833 0.082500
SeldenSupra57.086v.tif 0.113586 0.102450 0.086667 0.068333
SeldenSupra57.087r.tif 0.101676 0.092737 0.065000 0.086667
SeldenSupra57.087v.tif 0.118040 0.099109 0.085833 0.073333
SeldenSupra57.088r.tif 0.099441 0.097207 0.066667 0.081667
SeldenSupra57.088v.tif 0.115813 0.097996 0.087500 0.072500
SeldenSupra57.089r.tif 0.097207 0.094972 0.070000 0.082500
SeldenSupra57.089v.tif 0.113586 0.090200 0.089167 0.070000
SeldenSupra57.090r.tif 0.100559 0.093855 0.068333 0.081667
SeldenSupra57.090v.tif 0.116927 0.096882 0.085833 0.071667
SeldenSupra57.091r.tif 0.103911 0.094972 0.069167 0.078333
SeldenSupra57.091v.tif 0.119154 0.093541 0.085000 0.066667
SeldenSupra57.092r.tif 0.100559 0.105028 0.066667 0.081667
SeldenSupra57.092v.tif 0.118040 0.090200 0.083333 0.073333
SeldenSupra57.093r.tif 0.096089 0.102793 0.065833 0.085000
SeldenSupra57.093v.tif 0.114699 0.086860 0.085833 0.072500
SeldenSupra57.094r.tif 0.116201 0.090503 0.070000 0.079167
SeldenSupra57.094v.tif 0.120267 0.089087 0.086667 0.069167
SeldenSupra57.095r.tif 0.106145 0.100559 0.070000 0.079167
SeldenSupra57.095v.tif 0.112723 0.116071 0.086667 0.070833
SeldenSupra57.096r.tif 0.103911 0.099441 0.068333 0.078333
SeldenSupra57.096v.tif 0.110491 0.111607 0.087500 0.079167
SeldenSupra57.097r.tif 0.105737 0.089989 0.067500 0.077500
SeldenSupra57.097v.tif 0.104911 0.118304 0.088333 0.081667
SeldenSupra57.098r.tif 0.104612 0.086614 0.069167 0.075833
SeldenSupra57.098v.tif 0.097996 0.101336 0.079167 0.070000
SeldenSupra57.099r.tif 0.102362 0.086614 0.068333 0.076667
SeldenSupra57.099v.tif 0.099109 0.103563 0.084167 0.062500
SeldenSupra57.100r.tif 0.100671 0.089485 0.070833 0.071667
SeldenSupra57.100v.tif 0.100223 0.102450 0.085000 0.061667
SeldenSupra57.101r.tif 0.109620 0.099553 0.062500 0.082500
SeldenSupra57.101v.tif 0.108018 0.100223 0.079167 0.070000
SeldenSupra57.102r.tif 0.112975 0.096197 0.062500 0.084167
SeldenSupra57.102v.tif 0.112472 0.100223 0.078333 0.068333
SeldenSupra57.103r.tif 0.104027 0.096197 0.060833 0.080833
SeldenSupra57.103v.tif 0.108018 0.101336 0.079167 0.062500
SeldenSupra57.104r.tif 0.112975 0.092841 0.060000 0.081667
SeldenSupra57.104v.tif 0.112472 0.096882 0.083333 0.066667
SeldenSupra57.105r.tif 0.116331 0.089485 0.060000 0.080833
SeldenSupra57.105v.tif 0.105791 0.103563 0.075833 0.065000
SeldenSupra57.106r.tif 0.107383 0.095078 0.062500 0.079167
SeldenSupra57.106v.tif 0.109131 0.095768 0.078333 0.068333
SeldenSupra57.107r.tif 0.106264 0.090604 0.062500 0.083333
SeldenSupra57.107v.tif 0.111359 0.095768 0.080833 0.065000
SeldenSupra57.108r.tif 0.106264 0.088367 0.059167 0.080000
SeldenSupra57.108v.tif 0.103720 0.105975 0.082500 0.068333
SeldenSupra57.109r.tif 0.104027 0.088367 0.060833 0.080000
SeldenSupra57.109v.tif 0.101466 0.105975 0.085000 0.077500
SeldenSupra57.110r.tif 0.108501 0.090604 0.062500 0.080000
SeldenSupra57.110v.tif 0.110485 0.087937 0.089167 0.063333
SeldenSupra57.111r.tif 0.112975 0.081655 0.064167 0.084167
SeldenSupra57.111v.tif 0.110485 0.087937 0.094167 0.068333
SeldenSupra57.112r.tif 0.119687 0.085011 0.065000 0.084167
SeldenSupra57.112v.tif 0.110485 0.094701 0.091667 0.067500
SeldenSupra57.113r.tif 0.119687 0.079418 0.060000 0.084167
SeldenSupra57.113v.tif 0.110485 0.099211 0.090000 0.081667
SeldenSupra57.114r.tif 0.116331 0.079418 0.061667 0.089167
SeldenSupra57.114v.tif 0.108230 0.096956 0.091667 0.080833
SeldenSupra57.115r.tif 0.099776 0.090807 0.070000 0.073333
SeldenSupra57.115v.tif 0.111612 0.093574 0.088333 0.075833
SeldenSupra57.116r.tif 0.097534 0.091928 0.069167 0.071667
SeldenSupra57.116v.tif 0.107103 0.094701 0.086667 0.076667
SeldenSupra57.117r.tif 0.094170 0.098655 0.069167 0.070833
SeldenSupra57.117v.tif 0.126268 0.073281 0.088333 0.071667
SeldenSupra57.118r.tif 0.094170 0.098655 0.070000 0.072500
SeldenSupra57.118v.tif 0.125141 0.069899 0.086667 0.069167
SeldenSupra57.119r.tif 0.096413 0.097534 0.070000 0.069167
SeldenSupra57.119v.tif 0.126268 0.066516 0.089167 0.074167
SeldenSupra57.120r.tif 0.098655 0.098655 0.070000 0.068333
SeldenSupra57.120v.tif 0.127396 0.073281 0.090833 0.068333
SeldenSupra57.121r.tif 0.096413 0.097534 0.067500 0.069167
SeldenSupra57.121v.tif 0.143179 0.071026 0.090000 0.068333
SeldenSupra57.122r.tif 0.098655 0.090807 0.069167 0.064167
SeldenSupra57.122v.tif 0.129651 0.067644 0.088333 0.067500
SeldenSupra57.123r.tif 0.097534 0.091928 0.068333 0.065000
SeldenSupra57.123v.tif 0.109605 0.105085 0.084167 0.077500
SeldenSupra57.124r.tif 0.106502 0.100897 0.066667 0.063333
SeldenSupra57.124v.tif 0.122034 0.109605 0.083333 0.081667
SeldenSupra57.125r.tif 0.099776 0.089686 0.067500 0.070833
SeldenSupra57.125v.tif 0.108475 0.100565 0.088333 0.082500
SeldenSupra57.126r.tif 0.103139 0.089686 0.067500 0.068333
SeldenSupra57.126v.tif 0.114124 0.093785 0.086667 0.083333
SeldenSupra57.127r.tif 0.102890 0.086705 0.072500 0.078333
SeldenSupra57.127v.tif 0.124294 0.105085 0.085833 0.079167
SeldenSupra57.128r.tif 0.110983 0.083237 0.074167 0.079167
SeldenSupra57.128v.tif 0.123164 0.103955 0.087500 0.080000
SeldenSupra57.129r.tif 0.112139 0.079769 0.075833 0.081667
SeldenSupra57.129v.tif 0.123164 0.100565 0.091667 0.078333
SeldenSupra57.130r.tif 0.110983 0.075145 0.075833 0.081667
SeldenSupra57.130v.tif 0.122034 0.099435 0.089167 0.079167
SeldenSupra57.131r.tif 0.115607 0.075145 0.076667 0.080000
SeldenSupra57.131v.tif 0.116384 0.098305 0.091667 0.080000
SeldenSupra57.132r.tif 0.103604 0.088964 0.070833 0.080000
SeldenSupra57.132v.tif 0.119774 0.096045 0.088333 0.078333
SeldenSupra57.133r.tif 0.092342 0.093468 0.071667 0.080833
SeldenSupra57.133v.tif 0.122034 0.094915 0.082500 0.080833
SeldenSupra57.134r.tif 0.094595 0.097973 0.075833 0.074167
SeldenSupra57.134v.tif 0.123164 0.092655 0.085000 0.075000
SeldenSupra57.135r.tif 0.100225 0.091216 0.074167 0.076667
SeldenSupra57.135v.tif 0.127684 0.092655 0.082500 0.071667
SeldenSupra57.136r.tif 0.101351 0.084459 0.077500 0.074167
SeldenSupra57.136v.tif 0.099330 0.103795 0.084167 0.075000
SeldenSupra57.137r.tif 0.102477 0.086712 0.078333 0.071667
SeldenSupra57.137v.tif 0.113839 0.101562 0.083333 0.072500
SeldenSupra57.138r.tif 0.100225 0.084459 0.079167 0.075000
SeldenSupra57.138v.tif 0.099330 0.110491 0.074167 0.076667
SeldenSupra57.139r.tif 0.106982 0.084459 0.078333 0.070833
SeldenSupra57.139v.tif 0.103795 0.104911 0.080833 0.074167
SeldenSupra57.140r.tif 0.104730 0.083333 0.080000 0.073333
SeldenSupra57.140v.tif 0.109375 0.100446 0.077500 0.075000
SeldenSupra57.141r.tif 0.108108 0.078829 0.080833 0.074167
SeldenSupra57.141v.tif 0.094866 0.100446 0.079167 0.078333
SeldenSupra57.142r.tif 0.105856 0.082207 0.080000 0.071667
SeldenSupra57.142v.tif 0.108259 0.102679 0.082500 0.073333
SeldenSupra57.143r.tif 0.109234 0.078829 0.080000 0.073333
SeldenSupra57.143v.tif 0.100897 0.099776 0.085000 0.072500
SeldenSupra57.144r.tif 0.101124 0.091011 0.074167 0.082500
SeldenSupra57.144v.tif 0.095291 0.098655 0.081667 0.075000
SeldenSupra57.145r.tif 0.102247 0.089888 0.070833 0.085833
SeldenSupra57.145v.tif 0.096413 0.097534 0.081667 0.075000
SeldenSupra57.146r.tif 0.111486 0.078829 0.080833 0.072500
SeldenSupra57.146v.tif 0.105381 0.088565 0.089167 0.064167
SeldenSupra57.147r.tif 0.112613 0.077703 0.080833 0.072500
SeldenSupra57.147v.tif 0.107623 0.086323 0.082500 0.070833
SeldenSupra57.148r.tif 0.115991 0.074324 0.082500 0.070833
SeldenSupra57.148v.tif 0.106502 0.087444 0.080833 0.072500
SeldenSupra57.149r.tif 0.112613 0.077703 0.080833 0.072500
SeldenSupra57.149v.tif 0.105381 0.080717 0.080833 0.075833
SeldenSupra57.150r.tif 0.107778 0.085556 0.068333 0.076667
SeldenSupra57.150v.tif 0.107023 0.083612 0.080000 0.071667
SeldenSupra57.151r.tif 0.107778 0.081111 0.072500 0.074167
SeldenSupra57.151v.tif 0.099220 0.085842 0.081667 0.069167
SeldenSupra57.152r.tif 0.108889 0.078889 0.067500 0.076667
SeldenSupra57.152v.tif 0.090395 0.083616 0.086667 0.070833
SeldenSupra57.153r.tif 0.113333 0.074444 0.067500 0.075833
SeldenSupra57.153v.tif 0.079096 0.099435 0.082500 0.076667
SeldenSupra57.154r.tif 0.114444 0.075556 0.070833 0.078333
SeldenSupra57.154v.tif 0.082486 0.093785 0.085833 0.075833
SeldenSupra57.155r.tif 0.112222 0.077778 0.066667 0.079167
SeldenSupra57.155v.tif 0.080226 0.096045 0.084167 0.070000
SeldenSupra57.156r.tif 0.114444 0.075556 0.065833 0.080833
SeldenSupra57.156v.tif 0.089266 0.092655 0.080833 0.075000
SeldenSupra57.157r.tif 0.113333 0.075556 0.065000 0.079167
SeldenSupra57.157v.tif 0.089266 0.085876 0.084167 0.079167
SeldenSupra57.158r.tif 0.112222 0.076667 0.065833 0.082500
SeldenSupra57.158v.tif 0.094915 0.083616 0.082500 0.075833
SeldenSupra57.159r.tif 0.112222 0.080000 0.062500 0.080833
SeldenSupra57.159v.tif 0.092655 0.089266 0.080000 0.070833
SeldenSupra57.160r.tif 0.114444 0.076667 0.058333 0.089167
SeldenSupra57.160v.tif 0.087006 0.090395 0.080000 0.076667
SeldenSupra57.161r.tif 0.115556 0.063333 0.060000 0.086667
SeldenSupra57.161v.tif 0.088136 0.084746 0.078333 0.074167
SeldenSupra57.162r.tif 0.110000 0.075556 0.060000 0.078333
SeldenSupra57.162v.tif 0.091525 0.085876 0.077500 0.065000
SeldenSupra57.endmatter.flyleaf.01r.tif 0.093785 0.083616 0.068333 0.078333
SeldenSupra57.endmatter.flyleaf.01v.tif 0.091525 0.085876 0.077500 0.065000
SeldenSupra57.endmatter.flyleaf.02r.tif 0.093785 0.083616 0.068333 0.078333
SeldenSupra57.endmatter.flyleaf.02v.tif 0.091525 0.085876 0.077500 0.065000
SeldenSupra57.endmatter.bindingfragment.01r.tif 0.096045 0.701695 0.077500 0.078333
SeldenSupra57.endmatter.bindingfragment.01v.tif 0.733333 0.068927 0.075000 0.070833
SeldenSupra57.endmatter.pastedown.tif 0.093785 0.076433 0.063333 0.073333
SeldenSupra57.binding.backcover.tif 0.083158 0.089474 0.075000 0.070833
SeldenSupra57.misc.scale.tif 0.126214 0.075840 0.001667 0.005000
