Senshu3.binding.frontcover.tif 0.000000 0.000000 0.000000 0.000000
Senshu3.frontmatter.pastedown.tif 0.028769 0.047181 0.014167 0.015000
Senshu3.frontmatter.flyleaf.01r.tif 0.032967 0.036630 0.032500 0.031667
Senshu3.frontmatter.flyleaf.01v.tif 0.058688 0.044879 0.021667 0.026667
Senshu3.frontmatter.flyleaf.02r.tif 0.025641 0.046398 0.037500 0.031667
Senshu3.frontmatter.flyleaf.02v.tif 0.058688 0.044879 0.029167 0.026667
Senshu3.001r.tif 0.020757 0.039072 0.042500 0.028333
Senshu3.001v.tif 0.080552 0.039125 0.025833 0.020000
Senshu3.002r.tif 0.034188 0.057387 0.040000 0.026667
Senshu3.002v.tif 0.054085 0.058688 0.025833 0.019167
Senshu3.003r.tif 0.045177 0.048840 0.040000 0.034167
Senshu3.003v.tif 0.066743 0.065593 0.030000 0.021667
Senshu3.004r.tif 0.030525 0.048840 0.051667 0.025833
Senshu3.004v.tif 0.065593 0.044879 0.020833 0.021667
Senshu3.005r.tif 0.028083 0.051282 0.040000 0.031667
Senshu3.005v.tif 0.081703 0.040276 0.025833 0.025000
Senshu3.006r.tif 0.041514 0.059829 0.044167 0.032500
Senshu3.006v.tif 0.071346 0.058688 0.026667 0.020000
Senshu3.007r.tif 0.041514 0.058608 0.038333 0.037500
Senshu3.007v.tif 0.069045 0.057537 0.022500 0.024167
Senshu3.008r.tif 0.039072 0.058608 0.039167 0.033333
Senshu3.008v.tif 0.082854 0.047181 0.028333 0.021667
Senshu3.009r.tif 0.030525 0.057387 0.042500 0.030833
Senshu3.009v.tif 0.100115 0.034522 0.026667 0.022500
Senshu3.010r.tif 0.026862 0.063492 0.040833 0.033333
Senshu3.010v.tif 0.093211 0.049482 0.029167 0.022500
Senshu3.011r.tif 0.035409 0.067155 0.043333 0.034167
Senshu3.011v.tif 0.100115 0.037975 0.030833 0.021667
Senshu3.012r.tif 0.035409 0.057387 0.043333 0.037500
Senshu3.012v.tif 0.108170 0.024166 0.025000 0.020833
Senshu3.013r.tif 0.031746 0.057387 0.041667 0.034167
Senshu3.013v.tif 0.102417 0.034522 0.028333 0.020833
Senshu3.014r.tif 0.035409 0.059829 0.048333 0.037500
Senshu3.014v.tif 0.108170 0.033372 0.027500 0.022500
Senshu3.015r.tif 0.029304 0.061050 0.043333 0.034167
Senshu3.015v.tif 0.116226 0.047181 0.045000 0.044167
Senshu3.016r.tif 0.035409 0.068376 0.045833 0.034167
Senshu3.016v.tif 0.119678 0.044879 0.048333 0.041667
Senshu3.017r.tif 0.035409 0.067155 0.041667 0.033333
Senshu3.017v.tif 0.108170 0.049482 0.046667 0.042500
Senshu3.018r.tif 0.039072 0.072039 0.046667 0.035000
Senshu3.018v.tif 0.108170 0.054085 0.050000 0.042500
Senshu3.019r.tif 0.024420 0.076923 0.046667 0.035000
Senshu3.019v.tif 0.110472 0.052934 0.045833 0.042500
Senshu3.020r.tif 0.026862 0.075702 0.045833 0.035000
Senshu3.020v.tif 0.107020 0.052934 0.044167 0.045000
Senshu3.021r.tif 0.028083 0.080586 0.049167 0.038333
Senshu3.021v.tif 0.109321 0.060990 0.042500 0.047500
Senshu3.022r.tif 0.013431 0.089133 0.047500 0.028333
Senshu3.022v.tif 0.113924 0.054085 0.047500 0.044167
Senshu3.023r.tif 0.021978 0.084249 0.040833 0.040000
Senshu3.023v.tif 0.110472 0.054085 0.041667 0.046667
Senshu3.024r.tif 0.021978 0.086691 0.047500 0.037500
Senshu3.024v.tif 0.117376 0.048331 0.045833 0.040833
Senshu3.025r.tif 0.028083 0.090354 0.036667 0.047500
Senshu3.025v.tif 0.126582 0.039125 0.047500 0.039167
Senshu3.026r.tif 0.025641 0.089133 0.044167 0.038333
Senshu3.026v.tif 0.107020 0.056387 0.040833 0.046667
Senshu3.027r.tif 0.029304 0.084249 0.041667 0.045833
Senshu3.027v.tif 0.118527 0.052934 0.048333 0.043333
Senshu3.028r.tif 0.015873 0.081807 0.036667 0.036667
Senshu3.028v.tif 0.127733 0.047181 0.047500 0.043333
Senshu3.029r.tif 0.012210 0.078144 0.035000 0.037500
Senshu3.029v.tif 0.134638 0.037975 0.043333 0.044167
Senshu3.030r.tif 0.010989 0.076923 0.037500 0.038333
Senshu3.030v.tif 0.119678 0.049482 0.045833 0.042500
Senshu3.031r.tif 0.017094 0.075702 0.035833 0.037500
Senshu3.031v.tif 0.120829 0.048331 0.053333 0.037500
Senshu3.032r.tif 0.014652 0.079365 0.035000 0.040833
Senshu3.032v.tif 0.127733 0.042578 0.049167 0.040000
Senshu3.033r.tif 0.021978 0.075702 0.040000 0.033333
Senshu3.033v.tif 0.133487 0.034522 0.043333 0.040833
Senshu3.034r.tif 0.018315 0.091575 0.042500 0.037500
Senshu3.034v.tif 0.131185 0.044879 0.045833 0.042500
Senshu3.035r.tif 0.024420 0.091575 0.041667 0.038333
Senshu3.035v.tif 0.130035 0.036824 0.045000 0.045833
Senshu3.036r.tif 0.015873 0.085470 0.045000 0.035000
Senshu3.036v.tif 0.117376 0.046030 0.054167 0.040000
Senshu3.037r.tif 0.020757 0.085470 0.043333 0.036667
Senshu3.037v.tif 0.125432 0.040276 0.045833 0.040000
Senshu3.038r.tif 0.012210 0.083028 0.044167 0.032500
Senshu3.038v.tif 0.127733 0.043728 0.050833 0.040000
Senshu3.039r.tif 0.009768 0.083028 0.042500 0.035000
Senshu3.039v.tif 0.117376 0.047181 0.045833 0.044167
Senshu3.040r.tif 0.014652 0.080586 0.040000 0.035000
Senshu3.040v.tif 0.130035 0.036824 0.050000 0.044167
Senshu3.041r.tif 0.013431 0.084249 0.045833 0.033333
Senshu3.041v.tif 0.126582 0.044879 0.043333 0.046667
Senshu3.042r.tif 0.015873 0.084249 0.045833 0.030000
Senshu3.042v.tif 0.130035 0.033372 0.043333 0.040833
Senshu3.043r.tif 0.010989 0.090354 0.045000 0.033333
Senshu3.043v.tif 0.135788 0.037975 0.048333 0.047500
Senshu3.044r.tif 0.057758 0.087203 0.025833 0.027500
Senshu3.044v.tif 0.140391 0.036824 0.060000 0.039167
Senshu3.045r.tif 0.046433 0.103058 0.024167 0.028333
Senshu3.045v.tif 0.130035 0.042578 0.056667 0.048333
Senshu3.046r.tif 0.041903 0.104190 0.024167 0.032500
Senshu3.046v.tif 0.135788 0.041427 0.058333 0.049167
Senshu3.047r.tif 0.039638 0.109853 0.025000 0.029167
Senshu3.047v.tif 0.131185 0.041427 0.059167 0.046667
Senshu3.048r.tif 0.047565 0.100793 0.024167 0.028333
Senshu3.048v.tif 0.135788 0.046030 0.055833 0.045000
Senshu3.049r.tif 0.043035 0.096263 0.024167 0.029167
Senshu3.049v.tif 0.135788 0.041427 0.055000 0.049167
Senshu3.050r.tif 0.043035 0.100793 0.025000 0.028333
Senshu3.050v.tif 0.132336 0.042578 0.053333 0.051667
Senshu3.051r.tif 0.045300 0.101925 0.036667 0.025833
Senshu3.051v.tif 0.133487 0.037975 0.054167 0.056667
Senshu3.052r.tif 0.058890 0.087203 0.026667 0.025833
Senshu3.052v.tif 0.131185 0.040276 0.055833 0.050833
Senshu3.053r.tif 0.055493 0.091733 0.025000 0.031667
Senshu3.053v.tif 0.139241 0.037975 0.065833 0.050000
Senshu3.054r.tif 0.055493 0.090600 0.031667 0.025833
Senshu3.054v.tif 0.142693 0.039125 0.057500 0.046667
Senshu3.055r.tif 0.056625 0.097395 0.026667 0.025833
Senshu3.055v.tif 0.144994 0.029919 0.060000 0.052500
Senshu3.056r.tif 0.056625 0.092865 0.026667 0.023333
Senshu3.056v.tif 0.125432 0.036824 0.058333 0.050000
Senshu3.057r.tif 0.056625 0.088335 0.027500 0.030000
Senshu3.057v.tif 0.139241 0.039125 0.058333 0.047500
Senshu3.058r.tif 0.044168 0.103058 0.025833 0.025833
Senshu3.058v.tif 0.141542 0.029919 0.056667 0.051667
Senshu3.059r.tif 0.053228 0.090600 0.027500 0.025000
Senshu3.059v.tif 0.146145 0.034522 0.060833 0.045833
Senshu3.060r.tif 0.033975 0.108720 0.031667 0.027500
Senshu3.060v.tif 0.123130 0.043728 0.053333 0.048333
Senshu3.061r.tif 0.048698 0.100793 0.030000 0.024167
Senshu3.061v.tif 0.132336 0.039125 0.050833 0.048333
Senshu3.062r.tif 0.045300 0.101925 0.030000 0.023333
Senshu3.062v.tif 0.128884 0.036824 0.056667 0.045833
Senshu3.063r.tif 0.039638 0.105323 0.030833 0.026667
Senshu3.063v.tif 0.119678 0.048331 0.058333 0.045000
Senshu3.064r.tif 0.050963 0.097395 0.027500 0.027500
Senshu3.064v.tif 0.118527 0.043728 0.056667 0.043333
Senshu3.065r.tif 0.047565 0.101925 0.029167 0.028333
Senshu3.065v.tif 0.128884 0.048331 0.058333 0.050000
Senshu3.066r.tif 0.045300 0.107588 0.024167 0.027500
Senshu3.066v.tif 0.131185 0.044879 0.055833 0.044167
Senshu3.067r.tif 0.050963 0.097395 0.027500 0.029167
Senshu3.067v.tif 0.134638 0.039125 0.055833 0.046667
Senshu3.068r.tif 0.038505 0.112118 0.030833 0.027500
Senshu3.068v.tif 0.128884 0.048331 0.055833 0.044167
Senshu3.069r.tif 0.041903 0.100793 0.031667 0.025000
Senshu3.069v.tif 0.134638 0.037975 0.049167 0.047500
Senshu3.070r.tif 0.040770 0.106455 0.022500 0.030000
Senshu3.070v.tif 0.126582 0.046030 0.055000 0.050000
Senshu3.071r.tif 0.049830 0.106455 0.026667 0.030000
Senshu3.071v.tif 0.142693 0.027618 0.061667 0.040833
Senshu3.072r.tif 0.054360 0.101925 0.030000 0.027500
Senshu3.072v.tif 0.130035 0.037975 0.052500 0.043333
Senshu3.073r.tif 0.040770 0.104190 0.031667 0.023333
Senshu3.073v.tif 0.125432 0.034522 0.057500 0.038333
Senshu3.074r.tif 0.037373 0.104190 0.030833 0.025833
Senshu3.074v.tif 0.121979 0.043728 0.053333 0.044167
Senshu3.075r.tif 0.039638 0.110985 0.031667 0.029167
Senshu3.075v.tif 0.127733 0.042578 0.054167 0.049167
Senshu3.076r.tif 0.038505 0.096263 0.025833 0.017500
Senshu3.076v.tif 0.124281 0.043728 0.057500 0.042500
Senshu3.077r.tif 0.027180 0.100793 0.020833 0.018333
Senshu3.077v.tif 0.133487 0.034522 0.056667 0.041667
Senshu3.078r.tif 0.036824 0.111623 0.040000 0.035833
Senshu3.078v.tif 0.131185 0.039125 0.050000 0.044167
Senshu3.079r.tif 0.027180 0.105323 0.025833 0.015833
Senshu3.079v.tif 0.124281 0.041427 0.047500 0.049167
Senshu3.080r.tif 0.019563 0.125432 0.040833 0.040000
Senshu3.080v.tif 0.126582 0.040276 0.053333 0.042500
Senshu3.081r.tif 0.028769 0.117376 0.040833 0.037500
Senshu3.081v.tif 0.121979 0.046030 0.046667 0.049167
Senshu3.082r.tif 0.031070 0.116226 0.043333 0.035833
Senshu3.082v.tif 0.126582 0.039125 0.053333 0.047500
Senshu3.083r.tif 0.029919 0.120829 0.042500 0.034167
Senshu3.083v.tif 0.127733 0.039125 0.050833 0.040833
Senshu3.084r.tif 0.041427 0.110472 0.048333 0.032500
Senshu3.084v.tif 0.125432 0.037975 0.049167 0.044167
Senshu3.085r.tif 0.036824 0.113924 0.043333 0.035833
Senshu3.085v.tif 0.126582 0.037975 0.050833 0.046667
Senshu3.086r.tif 0.040276 0.105869 0.040833 0.042500
Senshu3.086v.tif 0.125432 0.035673 0.044167 0.047500
Senshu3.087r.tif 0.031070 0.115075 0.040000 0.040000
Senshu3.087v.tif 0.123130 0.039125 0.050000 0.043333
Senshu3.088r.tif 0.027618 0.117376 0.050000 0.033333
Senshu3.088v.tif 0.112773 0.047181 0.052500 0.040833
Senshu3.089r.tif 0.039125 0.109321 0.041667 0.039167
Senshu3.089v.tif 0.119678 0.041427 0.050000 0.040833
Senshu3.090r.tif 0.032221 0.118527 0.043333 0.040000
Senshu3.090v.tif 0.135788 0.031070 0.051667 0.041667
Senshu3.091r.tif 0.037975 0.111623 0.040000 0.040000
Senshu3.091v.tif 0.127733 0.039125 0.053333 0.040000
Senshu3.092r.tif 0.033372 0.118527 0.044167 0.036667
Senshu3.092v.tif 0.127733 0.037975 0.050833 0.036667
Senshu3.093r.tif 0.031070 0.121979 0.041667 0.034167
Senshu3.093v.tif 0.128884 0.034522 0.050833 0.042500
Senshu3.094r.tif 0.037975 0.112773 0.044167 0.039167
Senshu3.094v.tif 0.126582 0.033372 0.045833 0.042500
Senshu3.095r.tif 0.032221 0.115075 0.040000 0.037500
Senshu3.095v.tif 0.131185 0.033372 0.055000 0.042500
Senshu3.096r.tif 0.034522 0.111623 0.045000 0.036667
Senshu3.096v.tif 0.118527 0.040276 0.047500 0.039167
Senshu3.097r.tif 0.035673 0.117376 0.047500 0.036667
Senshu3.097v.tif 0.123130 0.040276 0.053333 0.040000
Senshu3.098r.tif 0.043728 0.111623 0.045833 0.035833
Senshu3.098v.tif 0.120829 0.040276 0.049167 0.040833
Senshu3.099r.tif 0.034522 0.118527 0.040833 0.041667
Senshu3.099v.tif 0.124281 0.044879 0.054167 0.038333
Senshu3.100r.tif 0.046030 0.104718 0.048333 0.039167
Senshu3.100v.tif 0.121979 0.042578 0.054167 0.038333
Senshu3.101r.tif 0.034522 0.120829 0.042500 0.038333
Senshu3.101v.tif 0.124281 0.039125 0.046667 0.040833
Senshu3.102r.tif 0.034522 0.118527 0.042500 0.045833
Senshu3.102v.tif 0.118527 0.042578 0.048333 0.044167
Senshu3.103r.tif 0.025316 0.135788 0.043333 0.042500
Senshu3.103v.tif 0.119678 0.041427 0.043333 0.038333
Senshu3.104r.tif 0.036824 0.120829 0.039167 0.048333
Senshu3.104v.tif 0.115075 0.047181 0.049167 0.039167
Senshu3.105r.tif 0.033372 0.123130 0.036667 0.045833
Senshu3.105v.tif 0.125432 0.036824 0.047500 0.042500
Senshu3.106r.tif 0.039125 0.118527 0.035833 0.045000
Senshu3.106v.tif 0.110472 0.048331 0.047500 0.035833
Senshu3.107r.tif 0.037975 0.112773 0.041667 0.040833
Senshu3.107v.tif 0.111623 0.046030 0.049167 0.038333
Senshu3.108r.tif 0.035673 0.111623 0.039167 0.045833
Senshu3.108v.tif 0.112773 0.040276 0.044167 0.040000
Senshu3.109r.tif 0.037975 0.115075 0.038333 0.045833
Senshu3.109v.tif 0.115075 0.037975 0.041667 0.042500
Senshu3.110r.tif 0.041427 0.115075 0.035833 0.045833
Senshu3.110v.tif 0.120829 0.039125 0.041667 0.042500
Senshu3.111r.tif 0.044879 0.105869 0.043333 0.040833
Senshu3.111v.tif 0.115075 0.035673 0.046667 0.037500
Senshu3.112r.tif 0.031070 0.119678 0.042500 0.041667
Senshu3.112v.tif 0.116226 0.041427 0.045833 0.038333
Senshu3.113r.tif 0.034522 0.113924 0.045000 0.040833
Senshu3.113v.tif 0.111623 0.041427 0.048333 0.030000
Senshu3.114r.tif 0.035673 0.117376 0.043333 0.040000
Senshu3.114v.tif 0.120829 0.039125 0.050000 0.035833
Senshu3.115r.tif 0.039125 0.113924 0.044167 0.043333
Senshu3.115v.tif 0.118527 0.034522 0.045833 0.037500
Senshu3.116r.tif 0.034522 0.115075 0.046667 0.039167
Senshu3.116v.tif 0.112773 0.040276 0.050000 0.035833
Senshu3.117r.tif 0.039125 0.113924 0.037500 0.045000
Senshu3.117v.tif 0.100115 0.046030 0.041667 0.040833
Senshu3.118r.tif 0.043728 0.112773 0.041667 0.042500
Senshu3.118v.tif 0.113924 0.059839 0.050833 0.046667
Senshu3.119r.tif 0.033372 0.117376 0.044167 0.044167
Senshu3.119v.tif 0.113924 0.064442 0.050833 0.047500
Senshu3.120r.tif 0.042578 0.105869 0.047500 0.042500
Senshu3.120v.tif 0.110472 0.065593 0.051667 0.042500
Senshu3.121r.tif 0.040276 0.111623 0.045833 0.042500
Senshu3.121v.tif 0.104718 0.073648 0.055833 0.046667
Senshu3.122r.tif 0.043728 0.110472 0.045833 0.040000
Senshu3.122v.tif 0.112773 0.062140 0.048333 0.046667
Senshu3.123r.tif 0.039125 0.115075 0.040833 0.044167
Senshu3.123v.tif 0.105869 0.064442 0.052500 0.041667
Senshu3.124r.tif 0.033372 0.117376 0.042500 0.041667
Senshu3.124v.tif 0.113924 0.063291 0.051667 0.045833
Senshu3.125r.tif 0.040276 0.110472 0.045000 0.035833
Senshu3.125v.tif 0.097814 0.071346 0.051667 0.045000
Senshu3.126r.tif 0.042578 0.111623 0.043333 0.038333
Senshu3.126v.tif 0.112773 0.059839 0.050833 0.045833
Senshu3.127r.tif 0.046030 0.108170 0.043333 0.043333
Senshu3.127v.tif 0.111623 0.056387 0.054167 0.043333
Senshu3.128r.tif 0.044879 0.107020 0.044167 0.038333
Senshu3.128v.tif 0.112773 0.058688 0.056667 0.039167
Senshu3.129r.tif 0.044879 0.105869 0.045000 0.036667
Senshu3.129v.tif 0.101266 0.059839 0.047500 0.044167
Senshu3.130r.tif 0.047181 0.103567 0.038333 0.037500
Senshu3.130v.tif 0.097814 0.078251 0.046667 0.046667
Senshu3.131r.tif 0.050633 0.096663 0.039167 0.045000
Senshu3.131v.tif 0.095512 0.078251 0.050000 0.043333
Senshu3.132r.tif 0.054085 0.098964 0.043333 0.041667
Senshu3.132v.tif 0.094361 0.080552 0.050833 0.040833
Senshu3.133r.tif 0.054085 0.095512 0.044167 0.036667
Senshu3.133v.tif 0.089758 0.085155 0.049167 0.040833
Senshu3.134r.tif 0.060990 0.113924 0.036667 0.053333
Senshu3.134v.tif 0.104718 0.070196 0.054167 0.035833
Senshu3.135r.tif 0.043728 0.113924 0.035833 0.040000
Senshu3.135v.tif 0.088608 0.069045 0.045833 0.044167
Senshu3.136r.tif 0.039125 0.118527 0.035000 0.040000
Senshu3.136v.tif 0.088608 0.069045 0.044167 0.042500
Senshu3.137r.tif 0.042578 0.104718 0.028333 0.045833
Senshu3.137v.tif 0.089758 0.073648 0.046667 0.044167
Senshu3.138r.tif 0.044879 0.100115 0.029167 0.045833
Senshu3.138v.tif 0.088608 0.071346 0.045833 0.043333
Senshu3.139r.tif 0.048331 0.100115 0.029167 0.045833
Senshu3.139v.tif 0.090909 0.067894 0.046667 0.046667
Senshu3.140r.tif 0.048331 0.098964 0.031667 0.044167
Senshu3.140v.tif 0.089758 0.065593 0.044167 0.042500
Senshu3.141r.tif 0.057537 0.086306 0.035000 0.044167
Senshu3.141v.tif 0.092060 0.070196 0.047500 0.042500
Senshu3.142r.tif 0.044879 0.098964 0.035833 0.042500
Senshu3.142v.tif 0.085155 0.074799 0.050000 0.040000
Senshu3.143r.tif 0.047181 0.096663 0.035833 0.044167
Senshu3.143v.tif 0.088608 0.070196 0.045833 0.040833
Senshu3.144r.tif 0.054085 0.094361 0.036667 0.042500
Senshu3.144v.tif 0.080552 0.075949 0.044167 0.044167
Senshu3.145r.tif 0.049482 0.096663 0.032500 0.045000
Senshu3.145v.tif 0.088608 0.069045 0.045833 0.044167
Senshu3.146r.tif 0.055236 0.088608 0.034167 0.043333
Senshu3.146v.tif 0.084005 0.065593 0.042500 0.044167
Senshu3.147r.tif 0.056387 0.082854 0.034167 0.045000
Senshu3.147v.tif 0.085155 0.065593 0.040833 0.045000
Senshu3.148r.tif 0.057537 0.074799 0.035833 0.042500
Senshu3.148v.tif 0.075949 0.081703 0.044167 0.040833
Senshu3.149r.tif 0.054085 0.075949 0.034167 0.043333
Senshu3.149v.tif 0.081703 0.067894 0.042500 0.042500
Senshu3.150r.tif 0.049482 0.090909 0.032500 0.045833
Senshu3.150v.tif 0.072497 0.075949 0.040000 0.043333
Senshu3.151r.tif 0.054085 0.080552 0.030833 0.045000
Senshu3.151v.tif 0.072497 0.075949 0.042500 0.044167
Senshu3.152r.tif 0.055236 0.082854 0.030833 0.045000
Senshu3.152v.tif 0.073648 0.075949 0.040833 0.041667
Senshu3.153r.tif 0.059839 0.078251 0.035000 0.045833
Senshu3.153v.tif 0.073648 0.067894 0.042500 0.042500
Senshu3.154r.tif 0.062140 0.073648 0.036667 0.046667
Senshu3.154v.tif 0.070196 0.065593 0.040000 0.042500
Senshu3.155r.tif 0.069045 0.067894 0.036667 0.046667
Senshu3.155v.tif 0.069045 0.078251 0.037500 0.042500
Senshu3.endmatter.flyleaf.01r.tif 0.054085 0.073648 0.028333 0.046667
Senshu3.endmatter.flyleaf.01v.tif 0.060990 0.078251 0.037500 0.042500
Senshu3.endmatter.flyleaf.02r.tif 0.054085 0.057537 0.028333 0.046667
Senshu3.endmatter.flyleaf.02v.tif 0.060990 0.078251 0.037500 0.042500
Senshu3.endmatter.pastedown.tif 0.031070 0.037975 0.028333 0.025833
Senshu3.binding.backcover.tif 0.039125 0.027618 0.025833 0.020833
Senshu3.binding.spine.tif 0.089167 0.048333 0.401250 0.420000
