LatQu65.binding.frontcover.tif 0.022500 0.000000 0.026609 0.000000
LatQu65.frontmatter.pastedown.tif 0.011250 0.003750 0.003279 0.013934
LatQu65.frontmatter.flyleaf.01r.tif 0.006250 0.000000 0.026609 0.002459
LatQu65.frontmatter.flyleaf.01v.tif 0.001250 0.003750 0.002459 0.013934
LatQu65.frontmatter.flyleaf.02r.tif 0.006250 0.000000 0.004918 0.002459
LatQu65.frontmatter.flyleaf.02v.tif 0.001250 0.003750 0.002459 0.013934
LatQu65.frontmatter.flyleaf.03r.tif 0.006250 0.000000 0.004918 0.002459
LatQu65.frontmatter.flyleaf.03v.tif 0.001250 0.003750 0.002459 0.013934
LatQu65.frontmatter.flyleaf.04r.tif 0.006250 0.000000 0.004918 0.002459
LatQu65.frontmatter.flyleaf.04v.tif 0.001250 0.040000 0.002459 0.001639
LatQu65.001r.tif 0.032500 0.002500 0.004918 0.002459
LatQu65.001v.tif 0.001250 0.040000 0.002459 0.001639
LatQu65.002r.tif 0.032500 0.002500 0.004918 0.002459
LatQu65.002v.tif 0.001250 0.040000 0.002459 0.001639
LatQu65.003r.tif 0.020000 0.002500 0.004918 0.002459
LatQu65.003v.tif 0.001250 0.040000 0.002459 0.001639
LatQu65.004r.tif 0.025000 0.002500 0.004918 0.002459
LatQu65.004v.tif 0.001250 0.040000 0.002459 0.001639
LatQu65.005r.tif 0.031250 0.002500 0.004918 0.002459
LatQu65.005v.tif 0.001250 0.040000 0.002459 0.001639
LatQu65.006r.tif 0.031250 0.002500 0.004918 0.002459
LatQu65.006v.tif 0.001250 0.040000 0.002459 0.001639
LatQu65.007r.tif 0.031250 0.002500 0.004918 0.002459
LatQu65.007v.tif 0.001250 0.040000 0.002459 0.001639
LatQu65.008r.tif 0.031250 0.002500 0.004918 0.002459
LatQu65.008v.tif 0.001250 0.040000 0.002459 0.001639
LatQu65.009r.tif 0.031250 0.002500 0.004918 0.002459
LatQu65.009v.tif 0.001250 0.040000 0.002459 0.001639
LatQu65.010r.tif 0.031250 0.002500 0.004918 0.002459
LatQu65.010v.tif 0.001250 0.040000 0.002459 0.001639
LatQu65.011r.tif 0.045000 0.002500 0.004918 0.004918
LatQu65.011v.tif 0.001250 0.040000 0.002459 0.001639
LatQu65.012r.tif 0.045000 0.002500 0.004918 0.004918
LatQu65.012v.tif 0.001250 0.040000 0.002459 0.001639
LatQu65.013r.tif 0.045000 0.002500 0.004918 0.004918
LatQu65.013v.tif 0.001250 0.040000 0.002459 0.001639
LatQu65.014r.tif 0.045000 0.002500 0.004918 0.004918
LatQu65.014v.tif 0.001250 0.040000 0.002459 0.001639
LatQu65.015r.tif 0.045000 0.002500 0.004918 0.004918
LatQu65.015v.tif 0.001250 0.040000 0.002459 0.001639
LatQu65.016r.tif 0.045000 0.002500 0.004918 0.004918
LatQu65.016v.tif 0.001250 0.040000 0.002459 0.001639
LatQu65.017r.tif 0.045000 0.002500 0.004918 0.004918
LatQu65.017v.tif 0.001250 0.040000 0.002459 0.001639
LatQu65.018r.tif 0.045000 0.002500 0.004918 0.004918
LatQu65.018v.tif 0.001250 0.040000 0.002459 0.001639
LatQu65.019r.tif 0.045000 0.002500 0.004918 0.004918
LatQu65.019v.tif 0.001250 0.040000 0.002459 0.001639
LatQu65.020r.tif 0.045000 0.002500 0.004918 0.004918
LatQu65.020v.tif 0.001250 0.040000 0.002459 0.001639
LatQu65.021r.tif 0.045000 0.002500 0.004918 0.004918
LatQu65.021v.tif 0.001250 0.040000 0.002459 0.001639
LatQu65.022r.tif 0.045000 0.002500 0.004918 0.004918
LatQu65.022v.tif 0.001250 0.040000 0.002459 0.001639
LatQu65.023r.tif 0.045000 0.002500 0.004918 0.004918
LatQu65.023v.tif 0.001250 0.040000 0.002459 0.001639
LatQu65.024r.tif 0.045000 0.002500 0.004918 0.004918
LatQu65.024v.tif 0.001250 0.040000 0.002459 0.001639
LatQu65.025r.tif 0.045000 0.002500 0.004918 0.004918
LatQu65.025v.tif 0.001250 0.040000 0.002459 0.001639
LatQu65.026r.tif 0.045000 0.002500 0.004918 0.004918
LatQu65.026v.tif 0.001250 0.040000 0.002459 0.001639
LatQu65.027r.tif 0.045000 0.002500 0.004918 0.004918
LatQu65.027v.tif 0.001250 0.040000 0.002459 0.001639
LatQu65.028r.tif 0.047256 0.002500 0.004918 0.004918
LatQu65.028v.tif 0.001250 0.040000 0.002459 0.001639
LatQu65.029r.tif 0.047256 0.002500 0.004918 0.004918
LatQu65.029v.tif 0.001250 0.040000 0.002459 0.001639
LatQu65.030r.tif 0.047256 0.002500 0.004918 0.004918
LatQu65.030v.tif 0.001250 0.040000 0.002459 0.001639
LatQu65.031r.tif 0.038110 0.002500 0.004918 0.004918
LatQu65.031v.tif 0.001250 0.040000 0.002459 0.001639
LatQu65.032r.tif 0.038110 0.002500 0.004918 0.004918
LatQu65.032v.tif 0.001250 0.040000 0.002459 0.001639
LatQu65.033r.tif 0.041159 0.002500 0.004918 0.004918
LatQu65.033v.tif 0.001250 0.040000 0.002459 0.001639
LatQu65.034r.tif 0.041159 0.002500 0.004918 0.004918
LatQu65.034v.tif 0.001250 0.033537 0.002459 0.001639
LatQu65.035r.tif 0.041159 0.002500 0.004918 0.004918
LatQu65.035v.tif 0.001250 0.033537 0.002459 0.001639
LatQu65.036r.tif 0.041159 0.002500 0.004918 0.004918
LatQu65.036v.tif 0.001250 0.051829 0.002459 0.001639
LatQu65.037r.tif 0.050305 0.002500 0.004918 0.004918
LatQu65.037v.tif 0.001250 0.051829 0.002459 0.001639
LatQu65.038r.tif 0.050305 0.002500 0.004918 0.004918
LatQu65.038v.tif 0.001250 0.051829 0.002459 0.001639
LatQu65.039r.tif 0.044207 0.002500 0.004918 0.004918
LatQu65.039v.tif 0.001250 0.051829 0.002459 0.001639
LatQu65.040r.tif 0.044207 0.002500 0.004918 0.004918
LatQu65.040v.tif 0.001250 0.042683 0.002459 0.001639
LatQu65.041r.tif 0.044207 0.002500 0.004918 0.004918
LatQu65.041v.tif 0.001250 0.042683 0.002459 0.001639
LatQu65.042r.tif 0.044207 0.002500 0.004918 0.004918
LatQu65.042v.tif 0.001250 0.042683 0.002459 0.001639
LatQu65.043r.tif 0.044207 0.002500 0.004918 0.004918
LatQu65.043v.tif 0.001250 0.042683 0.002459 0.001639
LatQu65.044r.tif 0.044207 0.002500 0.004918 0.004918
LatQu65.044v.tif 0.001250 0.042683 0.002459 0.001639
LatQu65.045r.tif 0.044207 0.002500 0.004918 0.004918
LatQu65.045v.tif 0.001250 0.042683 0.002459 0.001639
LatQu65.046r.tif 0.044207 0.002500 0.004918 0.004918
LatQu65.046v.tif 0.001250 0.042683 0.002459 0.001639
LatQu65.047r.tif 0.044207 0.002500 0.004918 0.004918
LatQu65.047v.tif 0.001250 0.042683 0.002459 0.001639
LatQu65.048r.tif 0.044207 0.002500 0.004918 0.004918
LatQu65.048v.tif 0.001250 0.042683 0.002459 0.001639
LatQu65.049r.tif 0.044207 0.002500 0.004918 0.004918
LatQu65.049v.tif 0.001250 0.042683 0.002459 0.001639
LatQu65.050r.tif 0.044207 0.002500 0.004918 0.004918
LatQu65.050v.tif 0.001250 0.033537 0.002459 0.001639
LatQu65.051r.tif 0.025915 0.002500 0.004918 0.004918
LatQu65.051v.tif 0.001250 0.033537 0.002459 0.001639
LatQu65.052r.tif 0.025915 0.002500 0.004918 0.004918
LatQu65.052v.tif 0.001250 0.033537 0.002459 0.001639
LatQu65.053r.tif 0.025915 0.002500 0.004918 0.004918
LatQu65.053v.tif 0.001250 0.033537 0.002459 0.001639
LatQu65.054r.tif 0.025915 0.002500 0.004918 0.004918
LatQu65.054v.tif 0.001250 0.033537 0.002459 0.001639
LatQu65.055r.tif 0.024390 0.002500 0.004918 0.004918
LatQu65.055v.tif 0.001250 0.033537 0.002459 0.001639
LatQu65.056r.tif 0.024390 0.002500 0.004918 0.004918
LatQu65.056v.tif 0.001250 0.033537 0.002459 0.001639
LatQu65.057r.tif 0.024390 0.002500 0.004918 0.004918
LatQu65.057v.tif 0.001250 0.033537 0.002459 0.001639
LatQu65.058r.tif 0.024390 0.002500 0.004918 0.004918
LatQu65.058v.tif 0.001250 0.033537 0.002459 0.001639
LatQu65.059r.tif 0.024390 0.002500 0.004918 0.004918
LatQu65.059v.tif 0.001250 0.025915 0.002459 0.001639
LatQu65.060r.tif 0.024390 0.002500 0.004918 0.004918
LatQu65.060v.tif 0.001250 0.025915 0.002459 0.001639
LatQu65.061r.tif 0.027439 0.002500 0.004918 0.004918
LatQu65.061v.tif 0.001250 0.025915 0.002459 0.001639
LatQu65.062r.tif 0.027439 0.002500 0.004918 0.004918
LatQu65.062v.tif 0.001250 0.025915 0.002459 0.001639
LatQu65.063r.tif 0.027439 0.002500 0.004918 0.004918
LatQu65.063v.tif 0.001250 0.025915 0.002459 0.001639
LatQu65.064r.tif 0.027439 0.002500 0.004918 0.004918
LatQu65.064v.tif 0.001250 0.025915 0.002459 0.001639
LatQu65.065r.tif 0.033537 0.002500 0.004918 0.004918
LatQu65.065v.tif 0.001250 0.035061 0.002459 0.001639
LatQu65.066r.tif 0.060976 0.002500 0.004918 0.004918
LatQu65.066v.tif 0.001250 0.035061 0.002459 0.001639
LatQu65.067r.tif 0.060976 0.002500 0.004918 0.004918
LatQu65.067v.tif 0.001250 0.035061 0.002459 0.001639
LatQu65.068r.tif 0.060976 0.002500 0.004918 0.004918
LatQu65.068v.tif 0.001250 0.035061 0.002459 0.001639
LatQu65.069r.tif 0.060976 0.002500 0.004918 0.004918
LatQu65.069v.tif 0.001250 0.035061 0.002459 0.001639
LatQu65.070r.tif 0.060976 0.002500 0.004918 0.004918
LatQu65.070v.tif 0.001250 0.035061 0.002459 0.001639
LatQu65.071r.tif 0.028963 0.002500 0.004918 0.004918
LatQu65.071v.tif 0.001250 0.035061 0.002459 0.001639
LatQu65.072r.tif 0.028963 0.002500 0.004918 0.004918
LatQu65.072v.tif 0.001250 0.035061 0.002459 0.001639
LatQu65.073r.tif 0.045732 0.002500 0.004918 0.004918
LatQu65.073v.tif 0.001250 0.039634 0.002459 0.001639
LatQu65.074r.tif 0.045732 0.002500 0.004918 0.004918
LatQu65.074v.tif 0.001250 0.039634 0.002459 0.001639
LatQu65.075r.tif 0.045732 0.002500 0.004918 0.004918
LatQu65.075v.tif 0.001250 0.039634 0.002459 0.001639
LatQu65.076r.tif 0.045732 0.002500 0.004918 0.004918
LatQu65.076v.tif 0.001250 0.039634 0.002459 0.001639
LatQu65.077r.tif 0.045732 0.002500 0.004918 0.004918
LatQu65.077v.tif 0.001250 0.039634 0.002459 0.001639
LatQu65.078r.tif 0.045732 0.002500 0.004918 0.004918
LatQu65.078v.tif 0.001250 0.039634 0.002459 0.001639
LatQu65.079r.tif 0.045732 0.002500 0.004918 0.004918
LatQu65.079v.tif 0.001250 0.039634 0.002459 0.001639
LatQu65.080r.tif 0.045732 0.002500 0.004918 0.004918
LatQu65.080v.tif 0.001250 0.039634 0.002459 0.001639
LatQu65.081r.tif 0.045732 0.002500 0.004918 0.004918
LatQu65.081v.tif 0.001250 0.039634 0.002459 0.001639
LatQu65.082r.tif 0.025915 0.002500 0.004918 0.004918
LatQu65.082v.tif 0.001250 0.044207 0.002459 0.001639
LatQu65.083r.tif 0.024390 0.002500 0.004918 0.004918
LatQu65.083v.tif 0.001250 0.044207 0.002459 0.001639
LatQu65.084r.tif 0.024390 0.002500 0.004918 0.004918
LatQu65.084v.tif 0.001250 0.044207 0.002459 0.001639
LatQu65.085r.tif 0.024390 0.002500 0.004918 0.004918
LatQu65.085v.tif 0.001250 0.044207 0.002459 0.001639
LatQu65.086r.tif 0.024390 0.002500 0.004918 0.004918
LatQu65.086v.tif 0.001250 0.044207 0.002459 0.001639
LatQu65.087r.tif 0.028963 0.002500 0.004918 0.004918
LatQu65.087v.tif 0.001250 0.044207 0.002459 0.001639
LatQu65.088r.tif 0.028963 0.002500 0.004918 0.004918
LatQu65.088v.tif 0.001250 0.044207 0.002459 0.001639
LatQu65.089r.tif 0.028963 0.002500 0.004918 0.004918
LatQu65.089v.tif 0.001250 0.044207 0.002459 0.001639
LatQu65.090r.tif 0.028963 0.002500 0.004918 0.004918
LatQu65.090v.tif 0.001250 0.044207 0.002459 0.001639
LatQu65.091r.tif 0.028963 0.002500 0.004918 0.004918
LatQu65.091v.tif 0.001250 0.044207 0.002459 0.001639
LatQu65.092r.tif 0.028963 0.002500 0.004918 0.004918
LatQu65.092v.tif 0.001250 0.044207 0.002459 0.001639
LatQu65.093r.tif 0.028963 0.002500 0.004918 0.004918
LatQu65.093v.tif 0.001250 0.044207 0.002459 0.001639
LatQu65.094r.tif 0.028963 0.002500 0.004918 0.004918
LatQu65.094v.tif 0.001250 0.044207 0.002459 0.001639
LatQu65.095r.tif 0.018293 0.002500 0.004918 0.004918
LatQu65.095v.tif 0.001250 0.044207 0.002459 0.001639
LatQu65.096r.tif 0.018293 0.002500 0.004918 0.004918
LatQu65.096v.tif 0.001250 0.044207 0.002459 0.001639
LatQu65.097r.tif 0.018293 0.002500 0.004918 0.004918
LatQu65.097v.tif 0.001250 0.044207 0.002459 0.001639
LatQu65.098r.tif 0.018293 0.002500 0.004918 0.004918
LatQu65.098v.tif 0.001250 0.044207 0.002459 0.001639
LatQu65.099r.tif 0.018293 0.002500 0.004918 0.004918
LatQu65.099v.tif 0.001250 0.044207 0.002459 0.001639
LatQu65.100r.tif 0.018293 0.002500 0.004918 0.004918
LatQu65.100v.tif 0.001250 0.044207 0.002459 0.001639
LatQu65.101r.tif 0.018293 0.002500 0.004918 0.004918
LatQu65.101v.tif 0.001250 0.044207 0.002459 0.001639
LatQu65.102r.tif 0.018293 0.002500 0.004918 0.004918
LatQu65.102v.tif 0.001250 0.044207 0.002459 0.001639
LatQu65.103r.tif 0.035061 0.002500 0.004918 0.004918
LatQu65.103v.tif 0.001250 0.044207 0.002459 0.001639
LatQu65.104r.tif 0.028963 0.002500 0.004918 0.004918
LatQu65.104v.tif 0.001250 0.044207 0.002459 0.001639
LatQu65.105r.tif 0.028963 0.002500 0.004918 0.004918
LatQu65.105v.tif 0.001250 0.044207 0.002459 0.001639
LatQu65.106r.tif 0.018293 0.002500 0.004918 0.004918
LatQu65.106v.tif 0.001250 0.044207 0.002459 0.001639
LatQu65.107r.tif 0.018293 0.002500 0.004918 0.004918
LatQu65.107v.tif 0.001250 0.044207 0.002459 0.001639
LatQu65.108r.tif 0.018293 0.002500 0.004918 0.004918
LatQu65.108v.tif 0.001250 0.044207 0.002459 0.001639
LatQu65.109r.tif 0.018293 0.002500 0.004918 0.004918
LatQu65.109v.tif 0.001250 0.044207 0.002459 0.001639
LatQu65.110r.tif 0.018293 0.002500 0.004918 0.004918
LatQu65.110v.tif 0.001250 0.057927 0.002459 0.001639
LatQu65.111r.tif 0.033537 0.002500 0.004918 0.004918
LatQu65.111v.tif 0.001250 0.057927 0.002459 0.001639
LatQu65.112r.tif 0.033537 0.002500 0.004918 0.004918
LatQu65.112v.tif 0.001250 0.057927 0.002459 0.001639
LatQu65.113r.tif 0.019817 0.002500 0.004918 0.004918
LatQu65.113v.tif 0.001250 0.057927 0.002459 0.001639
LatQu65.114r.tif 0.019817 0.002500 0.004918 0.004918
LatQu65.114v.tif 0.001250 0.057927 0.002459 0.001639
LatQu65.115r.tif 0.019817 0.002500 0.004918 0.004918
LatQu65.115v.tif 0.001250 0.057927 0.002459 0.001639
LatQu65.116r.tif 0.027439 0.002500 0.004918 0.004918
LatQu65.116v.tif 0.001250 0.057927 0.002459 0.001639
LatQu65.117r.tif 0.027439 0.002500 0.004918 0.004918
LatQu65.117v.tif 0.001250 0.057927 0.002459 0.001639
LatQu65.118r.tif 0.027439 0.002500 0.004918 0.004918
LatQu65.118v.tif 0.001250 0.057927 0.002459 0.001639
LatQu65.119r.tif 0.027439 0.002500 0.004918 0.004918
LatQu65.119v.tif 0.001250 0.057927 0.002459 0.001639
LatQu65.120r.tif 0.027439 0.002500 0.004918 0.004918
LatQu65.120v.tif 0.001250 0.057927 0.002459 0.001639
LatQu65.121r.tif 0.036585 0.002500 0.004918 0.004918
LatQu65.121v.tif 0.001250 0.057927 0.002459 0.001639
LatQu65.122r.tif 0.036585 0.002500 0.004918 0.004918
LatQu65.122v.tif 0.001250 0.057927 0.002459 0.001639
LatQu65.123r.tif 0.036585 0.002500 0.004918 0.004918
LatQu65.123v.tif 0.001250 0.057927 0.002459 0.001639
LatQu65.124r.tif 0.036585 0.002500 0.004918 0.004918
LatQu65.124v.tif 0.001250 0.057927 0.002459 0.001639
LatQu65.125r.tif 0.036585 0.002500 0.004918 0.004918
LatQu65.125v.tif 0.001250 0.057927 0.002459 0.001639
LatQu65.126r.tif 0.036585 0.002500 0.004918 0.004918
LatQu65.126v.tif 0.001250 0.057927 0.002459 0.001639
LatQu65.127r.tif 0.036585 0.002500 0.004918 0.004918
LatQu65.127v.tif 0.001250 0.057927 0.002459 0.001639
LatQu65.128r.tif 0.036585 0.002500 0.004918 0.004918
LatQu65.128v.tif 0.001250 0.057927 0.002459 0.001639
LatQu65.129r.tif 0.036585 0.002500 0.004918 0.004918
LatQu65.129v.tif 0.001250 0.057927 0.002459 0.001639
LatQu65.130r.tif 0.036585 0.002500 0.004918 0.004918
LatQu65.130v.tif 0.001250 0.057927 0.002459 0.001639
LatQu65.131r.tif 0.036585 0.002500 0.004918 0.004918
LatQu65.131v.tif 0.001250 0.057927 0.002459 0.001639
LatQu65.132r.tif 0.036585 0.002500 0.004918 0.004918
LatQu65.132v.tif 0.001250 0.057927 0.002459 0.001639
LatQu65.133r.tif 0.036585 0.002500 0.004918 0.004918
LatQu65.133v.tif 0.001250 0.057927 0.002459 0.001639
LatQu65.134r.tif 0.036585 0.002500 0.004918 0.004918
LatQu65.134v.tif 0.001250 0.057927 0.002459 0.001639
LatQu65.135r.tif 0.036585 0.002500 0.004918 0.004918
LatQu65.135v.tif 0.001250 0.057927 0.002459 0.001639
LatQu65.136r.tif 0.036585 0.002500 0.004918 0.004918
LatQu65.136v.tif 0.001250 0.057927 0.002459 0.001639
LatQu65.137r.tif 0.036585 0.002500 0.004918 0.004918
LatQu65.137v.tif 0.001250 0.057927 0.002459 0.001639
LatQu65.138r.tif 0.042683 0.002500 0.004918 0.004918
LatQu65.138v.tif 0.001250 0.057927 0.002459 0.001639
LatQu65.139r.tif 0.033537 0.002500 0.004918 0.004918
LatQu65.139v.tif 0.001250 0.057927 0.002459 0.001639
LatQu65.140r.tif 0.033537 0.002500 0.004918 0.004918
LatQu65.140v.tif 0.001250 0.057927 0.002459 0.001639
LatQu65.141r.tif 0.033537 0.002500 0.004918 0.004918
LatQu65.141v.tif 0.001250 0.057927 0.002459 0.001639
LatQu65.142r.tif 0.033537 0.002500 0.004918 0.004918
LatQu65.142v.tif 0.001250 0.057927 0.002459 0.001639
LatQu65.143r.tif 0.041159 0.002500 0.004918 0.004918
LatQu65.143v.tif 0.001250 0.057927 0.002459 0.001639
LatQu65.144r.tif 0.041159 0.002500 0.004918 0.004918
LatQu65.144v.tif 0.001250 0.057927 0.002459 0.001639
LatQu65.145r.tif 0.041159 0.002500 0.004918 0.004918
LatQu65.145v.tif 0.001250 0.057927 0.002459 0.001639
LatQu65.146r.tif 0.041159 0.002500 0.004918 0.004918
LatQu65.146v.tif 0.001250 0.057927 0.002459 0.001639
LatQu65.147r.tif 0.041159 0.002500 0.004918 0.004918
LatQu65.147v.tif 0.001250 0.057927 0.002459 0.001639
LatQu65.148r.tif 0.041159 0.002500 0.004918 0.004918
LatQu65.148v.tif 0.001250 0.057927 0.002459 0.001639
LatQu65.149r.tif 0.047256 0.002500 0.004918 0.004918
LatQu65.149v.tif 0.001250 0.057927 0.002459 0.001639
LatQu65.150r.tif 0.047256 0.002500 0.004918 0.004918
LatQu65.150v.tif 0.001250 0.057927 0.002459 0.001639
LatQu65.151r.tif 0.047256 0.002500 0.004918 0.004918
LatQu65.151v.tif 0.001250 0.057927 0.002459 0.001639
LatQu65.152r.tif 0.041159 0.002500 0.004918 0.004918
LatQu65.152v.tif 0.001250 0.057927 0.002459 0.001639
LatQu65.153r.tif 0.041159 0.002500 0.004918 0.004918
LatQu65.153v.tif 0.001250 0.057927 0.002459 0.001639
LatQu65.154r.tif 0.045732 0.002500 0.004918 0.004918
LatQu65.154v.tif 0.001250 0.057927 0.002459 0.001639
LatQu65.155r.tif 0.045732 0.002500 0.004918 0.004918
LatQu65.155v.tif 0.001250 0.057927 0.002459 0.001639
LatQu65.156r.tif 0.045732 0.002500 0.004918 0.004918
LatQu65.156v.tif 0.001250 0.057927 0.002459 0.001639
LatQu65.157r.tif 0.045732 0.002500 0.004918 0.004918
LatQu65.157v.tif 0.001250 0.057927 0.002459 0.001639
LatQu65.158r.tif 0.051829 0.002500 0.004918 0.004918
LatQu65.158v.tif 0.001250 0.057927 0.002459 0.001639
LatQu65.159r.tif 0.051829 0.002500 0.004918 0.004918
LatQu65.159v.tif 0.001250 0.057927 0.002459 0.001639
LatQu65.160r.tif 0.030488 0.002500 0.004918 0.004918
LatQu65.160v.tif 0.001250 0.057927 0.002459 0.001639
LatQu65.endmatter.flyleaf.01r.tif 0.030488 0.002500 0.004918 0.004918
LatQu65.endmatter.flyleaf.01v.tif 0.001250 0.057927 0.002459 0.001639
LatQu65.endmatter.flyleaf.02r.tif 0.030488 0.002500 0.004918 0.004918
LatQu65.endmatter.flyleaf.02v.tif 0.001250 0.004573 0.002459 0.001639
LatQu65.endmatter.pastedown.tif 0.007622 0.002500 0.004918 0.004918
LatQu65.binding.backcover.tif 0.001250 0.004573 0.002459 0.001639
LatQu65.misc.catalog.tif 0.007622 0.002500 0.004918 0.004918
LatQu65.misc.colorbar.1.tif 0.001250 0.004573 0.002459 0.001639
LatQu65.misc.colorbar.2.tif 0.001250 0.004573 0.002459 0.001639
