Rosen0917.binding.frontcover.tif 0.030270 0.020541 0.011667 0.010833
Rosen0917.frontmatter.pastedown.tif 0.016988 0.021518 0.007500 0.008333
Rosen0917.frontmatter.flyleaf.01r.tif 0.014541 0.014541 0.016667 0.010833
Rosen0917.frontmatter.flyleaf.01v.tif 0.022297 0.022297 0.008333 0.010833
Rosen0917.frontmatter.flyleaf.02r.tif 0.019231 0.029082 0.014167 0.010833
Rosen0917.frontmatter.flyleaf.02v.tif 0.034330 0.023256 0.008333 0.010833
Rosen0917.frontmatter.flyleaf.03r.tif 0.019144 0.040430 0.015000 0.015833
Rosen0917.frontmatter.flyleaf.03v.tif 0.039648 0.025330 0.010833 0.011667
Rosen0917.frontmatter.flyleaf.041r.tif 0.019166 0.040408 0.015833 0.015000
Rosen0917.frontmatter.flyleaf.04v.tif 0.093750 0.020089 0.019167 0.016667
Rosen0917.A1r.tif 0.030682 0.037983 0.012500 0.015000
Rosen0917.A1v.tif 0.101336 0.024499 0.025000 0.022500
Rosen0917.A2r.tif 0.032992 0.044774 0.012500 0.015000
Rosen0917.A2v.tif 0.102649 0.025386 0.023333 0.013333
Rosen0917.A3r.tif 0.022910 0.049255 0.011667 0.015833
Rosen0917.A3v.tif 0.108168 0.028698 0.026667 0.013333
Rosen0917.B1r.tif 0.025229 0.046936 0.016667 0.020833
Rosen0917.B1v.tif 0.104918 0.039344 0.025000 0.015000
Rosen0917.B2r.tif 0.030682 0.055120 0.012500 0.015000
Rosen0917.B2v.tif 0.088692 0.031042 0.022500 0.017500
Rosen0917.B3r.tif 0.039773 0.046029 0.016667 0.016667
Rosen0917.B3v.tif 0.101639 0.027931 0.020000 0.015833
Rosen0917.B4r.tif 0.034483 0.068004 0.017500 0.015834
Rosen0917.B4v.tif 0.109151 0.033649 0.025833 0.015000
Rosen0917.B5r.tif 0.034483 0.068004 0.017500 0.015834
Rosen0917.B5v.tif 0.105611 0.030803 0.024167 0.016666
Rosen0917.B6r.tif 0.023490 0.059284 0.013333 0.015000
Rosen0917.B6v.tif 0.105322 0.029933 0.023333 0.017500
Rosen0917.C1r.tif 0.023490 0.059284 0.013333 0.015000
Rosen0917.C1v.tif 0.108768 0.039805 0.032500 0.017500
Rosen0917.C2r.tif 0.023490 0.059284 0.013333 0.015000
Rosen0917.C2v.tif 0.101545 0.029801 0.024167 0.019167
Rosen0917.C3r.tif 0.023490 0.059284 0.013333 0.015000
Rosen0917.C3v.tif 0.115551 0.045356 0.024167 0.013333
Rosen0917.C4r.tif 0.037736 0.056604 0.013333 0.015000
Rosen0917.C4v.tif 0.109529 0.036594 0.023333 0.014167
Rosen0917.C5r.tif 0.034483 0.057842 0.010000 0.010833
Rosen0917.C5v.tif 0.113311 0.035204 0.026667 0.010833
Rosen0917.C6r.tif 0.040000 0.052325 0.014167 0.017500
Rosen0917.C6v.tif 0.101639 0.037158 0.027500 0.010000
Rosen0917.D1r.tif 0.034637 0.057688 0.016667 0.015000
Rosen0917.D1v.tif 0.125000 0.034630 0.023333 0.014167
Rosen0917.D2r.tif 0.034637 0.057688 0.016667 0.015000
Rosen0917.D2v.tif 0.119387 0.027382 0.025000 0.012500
Rosen0917.D3r.tif 0.047566 0.069095 0.010833 0.014167
Rosen0917.D3v.tif 0.113436 0.028634 0.020833 0.016667
Rosen0917.D4r.tif 0.031355 0.069629 0.017500 0.015833
Rosen0917.D4v.tif 0.139762 0.024919 0.020833 0.016667
Rosen0917.D5r.tif 0.031355 0.069629 0.017500 0.015833
Rosen0917.D5v.tif 0.114967 0.045553 0.020833 0.016667
Rosen0917.D6r.tif 0.034676 0.066308 0.015833 0.017500
Rosen0917.D6v.tif 0.112088 0.026374 0.021667 0.015833
Rosen0917.E1r.tif 0.039779 0.073360 0.018333 0.015000
Rosen0917.E1v.tif 0.117712 0.025303 0.020833 0.019167
Rosen0917.E2r.tif 0.039779 0.073360 0.018333 0.015000
Rosen0917.E2v.tif 0.111973 0.029933 0.024167 0.015833
Rosen0917.E3r.tif 0.034103 0.075735 0.016667 0.016666
Rosen0917.E3v.tif 0.109890 0.032016 0.021667 0.018333
Rosen0917.E4r.tif 0.034103 0.075735 0.016667 0.016666
Rosen0917.E4v.tif 0.110262 0.031644 0.013333 0.018333
Rosen0917.E5r.tif 0.029252 0.080586 0.015000 0.018333
Rosen0917.E5v.tif 0.109890 0.027473 0.022500 0.018333
Rosen0917.E6r.tif 0.030435 0.080435 0.017500 0.012500
Rosen0917.E6v.tif 0.109890 0.027473 0.022500 0.018333
Rosen0917.F1r.tif 0.030435 0.080435 0.017500 0.012500
Rosen0917.F1v.tif 0.096810 0.040553 0.017500 0.023333
Rosen0917.F2r.tif 0.047059 0.096257 0.017500 0.012500
Rosen0917.F2v.tif 0.109649 0.027714 0.019167 0.021666
Rosen0917.F3r.tif 0.047059 0.096257 0.017500 0.012500
Rosen0917.F3v.tif 0.105550 0.048136 0.020000 0.020833
Rosen0917.F4r.tif 0.027086 0.094258 0.016667 0.013333
Rosen0917.F4v.tif 0.102285 0.028292 0.016667 0.024166
Rosen0917.F5r.tif 0.027086 0.100535 0.016667 0.013333
Rosen0917.F5v.tif 0.094609 0.035968 0.016667 0.024166
Rosen0917.F6r.tif 0.020452 0.107169 0.015000 0.015000
Rosen0917.F6v.tif 0.094609 0.035968 0.016667 0.019167
Rosen0917.G1r.tif 0.020452 0.107169 0.015000 0.015000
Rosen0917.G1v.tif 0.111593 0.031419 0.015000 0.020834
Rosen0917.G2r.tif 0.024758 0.102863 0.015000 0.015000
Rosen0917.G2v.tif 0.101751 0.036105 0.017500 0.018334
Rosen0917.G3r.tif 0.024758 0.102863 0.015000 0.015000
Rosen0917.G3v.tif 0.101751 0.036105 0.017500 0.018334
Rosen0917.G4r.tif 0.044586 0.095774 0.010000 0.020000
Rosen0917.G4v.tif 0.100110 0.035546 0.020833 0.018333
Rosen0917.G5r.tif 0.033120 0.095085 0.015000 0.015000
Rosen0917.G5v.tif 0.118534 0.029095 0.021667 0.017500
Rosen0917.G6r.tif 0.027144 0.101061 0.015000 0.015000
Rosen0917.G6v.tif 0.111472 0.036157 0.019167 0.020000
Rosen0917.H1r.tif 0.027144 0.101061 0.015000 0.015000
Rosen0917.H1v.tif 0.105092 0.041170 0.016667 0.017500
Rosen0917.H2r.tif 0.039488 0.101061 0.015000 0.015000
Rosen0917.H2v.tif 0.114007 0.033659 0.020833 0.013334
Rosen0917.H3r.tif 0.039488 0.113830 0.015000 0.015000
Rosen0917.H3v.tif 0.101087 0.036957 0.020833 0.013334
Rosen0917.H4r.tif 0.039488 0.113830 0.015000 0.015000
Rosen0917.H4v.tif 0.101087 0.036957 0.020833 0.025833
Rosen0917.I1r.tif 0.024390 0.109226 0.013333 0.016667
Rosen0917.I1v.tif 0.107259 0.030785 0.020833 0.018333
Rosen0917.I2r.tif 0.031149 0.102467 0.013333 0.016667
Rosen0917.I2v.tif 0.119099 0.034335 0.018333 0.020000
Rosen0917.I3r.tif 0.031149 0.102467 0.013333 0.016667
Rosen0917.I3v.tif 0.109051 0.033806 0.022500 0.015833
Rosen0917.I4r.tif 0.031149 0.102467 0.013333 0.026667
Rosen0917.I4v.tif 0.102174 0.026087 0.019167 0.017500
Rosen0917.I5r.tif 0.025890 0.107875 0.018333 0.026667
Rosen0917.I5v.tif 0.109914 0.037716 0.019167 0.017500
Rosen0917.I6r.tif 0.033696 0.105435 0.018333 0.026667
Rosen0917.I6v.tif 0.109914 0.037716 0.019167 0.017500
Rosen0917.K1r.tif 0.033696 0.105435 0.018333 0.026667
Rosen0917.K1v.tif 0.103599 0.029444 0.019167 0.017500
Rosen0917.K2r.tif 0.033696 0.097297 0.011667 0.020000
Rosen0917.K2v.tif 0.105780 0.032715 0.015833 0.020834
Rosen0917.K3r.tif 0.033696 0.107411 0.011667 0.025833
Rosen0917.K3v.tif 0.122056 0.032715 0.015833 0.013333
Rosen0917.K4r.tif 0.031419 0.098592 0.015000 0.022500
Rosen0917.K4v.tif 0.104978 0.030303 0.015833 0.020000
Rosen0917.K5r.tif 0.032328 0.103071 0.015000 0.022500
Rosen0917.K5v.tif 0.116004 0.030303 0.015833 0.020000
Rosen0917.K6r.tif 0.032328 0.103071 0.015000 0.022500
Rosen0917.K6v.tif 0.109914 0.030172 0.017500 0.014167
Rosen0917.L1r.tif 0.033226 0.110397 0.016667 0.020833
Rosen0917.L1v.tif 0.106406 0.033680 0.016667 0.015000
Rosen0917.L2r.tif 0.034483 0.109140 0.015000 0.022500
Rosen0917.L2v.tif 0.106406 0.033680 0.016667 0.015000
Rosen0917.L3r.tif 0.034896 0.108727 0.012500 0.025000
Rosen0917.L3v.tif 0.106406 0.033680 0.016667 0.015000
Rosen0917.L4r.tif 0.034896 0.108727 0.012500 0.025000
Rosen0917.L4v.tif 0.106406 0.033680 0.016667 0.015000
Rosen0917.L5r.tif 0.034896 0.108727 0.012500 0.025000
Rosen0917.L5v.tif 0.109560 0.035897 0.014167 0.017500
Rosen0917.L6r.tif 0.033405 0.110218 0.014167 0.023333
Rosen0917.L6v.tif 0.116052 0.029405 0.019167 0.025000
Rosen0917.M1r.tif 0.033405 0.110218 0.014167 0.023333
Rosen0917.M1v.tif 0.102481 0.033441 0.014167 0.021667
Rosen0917.M2r.tif 0.029979 0.113644 0.014167 0.023333
Rosen0917.M2v.tif 0.112069 0.023853 0.015000 0.020833
Rosen0917.M3r.tif 0.029979 0.113644 0.014167 0.023333
Rosen0917.M3v.tif 0.106045 0.029877 0.014167 0.017500
Rosen0917.M4r.tif 0.024442 0.119181 0.017500 0.020000
Rosen0917.M4v.tif 0.105882 0.022460 0.017500 0.020833
Rosen0917.M5r.tif 0.020127 0.112288 0.016667 0.020833
Rosen0917.M5v.tif 0.102128 0.026214 0.014167 0.017500
Rosen0917.M6r.tif 0.033827 0.109937 0.021667 0.023333
Rosen0917.M6v.tif 0.109110 0.034062 0.014167 0.017500
Rosen0917.N1r.tif 0.029756 0.106270 0.014167 0.018333
Rosen0917.N1v.tif 0.109110 0.034062 0.014167 0.017500
Rosen0917.N2r.tif 0.024236 0.111790 0.014167 0.018333
Rosen0917.N2v.tif 0.103412 0.033049 0.015833 0.015834
Rosen0917.N3r.tif 0.024364 0.111662 0.016667 0.015833
Rosen0917.N3v.tif 0.106045 0.030416 0.019167 0.012500
Rosen0917.N4r.tif 0.024364 0.111662 0.016667 0.015833
Rosen0917.N4v.tif 0.115746 0.035454 0.013333 0.013333
Rosen0917.N5r.tif 0.022364 0.111821 0.017500 0.016667
Rosen0917.N5v.tif 0.109110 0.029661 0.015000 0.022500
Rosen0917.N6r.tif 0.019129 0.111583 0.012500 0.019167
Rosen0917.N6v.tif 0.104430 0.034341 0.013333 0.017500
Rosen0917.O1r.tif 0.028662 0.115711 0.020833 0.018333
Rosen0917.O1v.tif 0.109574 0.029197 0.013333 0.017500
Rosen0917.O2r.tif 0.022246 0.126059 0.014167 0.024999
Rosen0917.O2v.tif 0.104541 0.034230 0.013333 0.017500
Rosen0917.O3r.tif 0.022246 0.126059 0.014167 0.018333
Rosen0917.O3v.tif 0.123560 0.025131 0.013333 0.015000
Rosen0917.O4r.tif 0.022246 0.126059 0.014167 0.018333
Rosen0917.O4v.tif 0.113660 0.035031 0.010833 0.017500
Rosen0917.P1r.tif 0.030526 0.117779 0.015000 0.017500
Rosen0917.P1v.tif 0.104873 0.032839 0.012500 0.015833
Rosen0917.P2r.tif 0.030526 0.117779 0.015000 0.017500
Rosen0917.P2v.tif 0.109820 0.032839 0.012500 0.015833
Rosen0917.P3r.tif 0.033898 0.122881 0.021667 0.017500
Rosen0917.P3v.tif 0.111229 0.031430 0.017500 0.014167
Rosen0917.P4r.tif 0.023504 0.114316 0.015833 0.023333
Rosen0917.P4v.tif 0.111229 0.031430 0.017500 0.014167
Rosen0917.P5r.tif 0.023504 0.114316 0.015833 0.017500
Rosen0917.P5v.tif 0.108742 0.025586 0.015000 0.016667
Rosen0917.P6r.tif 0.028391 0.119944 0.015833 0.017500
Rosen0917.P6v.tif 0.111579 0.022749 0.018333 0.013334
Rosen0917.Q1r.tif 0.030917 0.109808 0.020833 0.012500
Rosen0917.Q1v.tif 0.112632 0.031170 0.010833 0.020834
Rosen0917.Q2r.tif 0.020170 0.106755 0.019167 0.014166
Rosen0917.Q2v.tif 0.106316 0.037486 0.015000 0.016667
Rosen0917.Q3r.tif 0.034921 0.114286 0.019167 0.014166
Rosen0917.Q3v.tif 0.106316 0.037486 0.015000 0.016667
Rosen0917.Q4r.tif 0.034921 0.114286 0.019167 0.014166
Rosen0917.Q4v.tif 0.107368 0.036434 0.018333 0.013334
Rosen0917.R1r.tif 0.032017 0.104383 0.012500 0.020833
Rosen0917.R1v.tif 0.107368 0.036434 0.018333 0.013334
Rosen0917.R2r.tif 0.030753 0.114131 0.020000 0.023333
Rosen0917.R2v.tif 0.123444 0.031769 0.013333 0.018334
Rosen0917.R3r.tif 0.034921 0.109963 0.023333 0.020000
Rosen0917.R3v.tif 0.108559 0.046654 0.015833 0.015834
Rosen0917.R4r.tif 0.034847 0.110037 0.016667 0.026666
Rosen0917.R4v.tif 0.118573 0.039874 0.015833 0.015834
Rosen0917.R5r.tif 0.025027 0.098094 0.016667 0.024167
Rosen0917.R5v.tif 0.113089 0.032461 0.015833 0.015834
Rosen0917.R6r.tif 0.024865 0.098256 0.019167 0.021667
Rosen0917.R6v.tif 0.120708 0.031217 0.013333 0.018334
Rosen0917.S1r.tif 0.024865 0.098256 0.019167 0.021667
Rosen0917.S1v.tif 0.116034 0.030617 0.015000 0.012500
Rosen0917.S2r.tif 0.031183 0.099465 0.019167 0.019167
Rosen0917.S2v.tif 0.122534 0.030617 0.015000 0.016667
Rosen0917.S3r.tif 0.031915 0.098733 0.018333 0.020000
Rosen0917.S3v.tif 0.122534 0.025078 0.015000 0.012500
Rosen0917.S4r.tif 0.031915 0.098733 0.018333 0.020000
Rosen0917.S4v.tif 0.118874 0.028738 0.022500 0.015833
Rosen0917.T1r.tif 0.034557 0.096091 0.017500 0.020833
Rosen0917.T1v.tif 0.126033 0.029843 0.018333 0.009167
Rosen0917.T2r.tif 0.028353 0.091390 0.014167 0.024166
Rosen0917.T2v.tif 0.127329 0.037864 0.014167 0.013333
Rosen0917.T3r.tif 0.029979 0.101542 0.019167 0.019166
Rosen0917.T3v.tif 0.127329 0.037864 0.014167 0.013333
Rosen0917.T4r.tif 0.034745 0.096776 0.014167 0.020833
Rosen0917.T4v.tif 0.128764 0.026999 0.015833 0.011667
Rosen0917.T5r.tif 0.034745 0.096776 0.014167 0.020833
Rosen0917.T5v.tif 0.127992 0.034015 0.012500 0.015000
Rosen0917.T6r.tif 0.039046 0.092475 0.011667 0.023333
Rosen0917.T6v.tif 0.127482 0.034525 0.017500 0.015000
Rosen0917.V1r.tif 0.027263 0.092263 0.015000 0.020000
Rosen0917.V1v.tif 0.135135 0.034525 0.017500 0.015000
Rosen0917.V2r.tif 0.018438 0.101088 0.015000 0.020000
Rosen0917.V2v.tif 0.137255 0.031992 0.016667 0.015833
Rosen0917.V3r.tif 0.033226 0.103449 0.020000 0.022500
Rosen0917.V3v.tif 0.135611 0.040883 0.015000 0.009167
Rosen0917.V4r.tif 0.032609 0.104066 0.015833 0.022500
Rosen0917.V4v.tif 0.129032 0.034339 0.020833 0.011667
Rosen0917.X1r.tif 0.037675 0.096878 0.015833 0.022500
Rosen0917.X1v.tif 0.125259 0.040183 0.015000 0.011667
Rosen0917.X2r.tif 0.033623 0.099783 0.015000 0.023333
Rosen0917.X2v.tif 0.132780 0.036811 0.016667 0.015833
Rosen0917.X3r.tif 0.037281 0.093202 0.015000 0.023333
Rosen0917.X3v.tif 0.133751 0.038974 0.014167 0.011667
Rosen0917.X4r.tif 0.030468 0.100015 0.015000 0.015000
Rosen0917.X4v.tif 0.133612 0.033403 0.011667 0.018333
Rosen0917.X5r.tif 0.030534 0.094875 0.015000 0.020000
Rosen0917.X5v.tif 0.133956 0.033059 0.018333 0.011667
Rosen0917.X6r.tif 0.029095 0.102780 0.013333 0.021667
Rosen0917.X6v.tif 0.133402 0.037749 0.014167 0.010000
Rosen0917.Y1r.tif 0.029064 0.102811 0.015833 0.019167
Rosen0917.Y1v.tif 0.133402 0.037749 0.014167 0.010000
Rosen0917.Y2r.tif 0.029064 0.091205 0.015833 0.019167
Rosen0917.Y2v.tif 0.138144 0.037749 0.014167 0.010000
Rosen0917.Y3r.tif 0.031522 0.098530 0.020000 0.019167
Rosen0917.Y3v.tif 0.134298 0.036157 0.015833 0.014167
Rosen0917.Y4r.tif 0.029348 0.100704 0.018333 0.023334
Rosen0917.Y4v.tif 0.123302 0.044932 0.010833 0.013333
Rosen0917.Z1r.tif 0.030668 0.096386 0.013333 0.022500
Rosen0917.Z1v.tif 0.126556 0.044932 0.010833 0.013333
Rosen0917.Z2r.tif 0.030601 0.096453 0.016667 0.019166
Rosen0917.Z2v.tif 0.125389 0.046099 0.011667 0.012499
Rosen0917.Z3r.tif 0.030468 0.096586 0.014167 0.021666
Rosen0917.Z3v.tif 0.129803 0.041537 0.015833 0.013333
Rosen0917.Z4r.tif 0.028384 0.098670 0.017500 0.018333
Rosen0917.Z4v.tif 0.137787 0.037578 0.013333 0.015833
Rosen0917.Z5r.tif 0.028384 0.098670 0.017500 0.018333
Rosen0917.Z5v.tif 0.129630 0.040123 0.012500 0.012500
Rosen0917.Z6r.tif 0.031659 0.095395 0.014167 0.018333
Rosen0917.Z6v.tif 0.121466 0.030366 0.015000 0.014167
Rosen0917.Et1r.tif 0.031798 0.095256 0.018333 0.021667
Rosen0917.Et1v.tif 0.131387 0.030366 0.015000 0.016667
Rosen0917.Et2r.tif 0.027382 0.099672 0.014167 0.020000
Rosen0917.Et2v.tif 0.131387 0.030366 0.019167 0.013333
Rosen0917.Et3r.tif 0.026316 0.100738 0.020833 0.020833
Rosen0917.Et3v.tif 0.121593 0.040160 0.011667 0.013333
Rosen0917.Et4r.tif 0.021930 0.098545 0.015000 0.019167
Rosen0917.Et4v.tif 0.119372 0.033508 0.015000 0.012500
Rosen0917.AA1r.tif 0.021906 0.093100 0.017500 0.024167
Rosen0917.AA1v.tif 0.127859 0.033508 0.015000 0.012500
Rosen0917.AA2r.tif 0.029508 0.093100 0.017500 0.018333
Rosen0917.AA2v.tif 0.122492 0.032735 0.021667 0.012500
Rosen0917.AA3r.tif 0.025219 0.097389 0.017500 0.022500
Rosen0917.AA3v.tif 0.122257 0.032970 0.017500 0.012500
Rosen0917.AA4r.tif 0.025219 0.097389 0.017500 0.022500
Rosen0917.AA4v.tif 0.111932 0.043295 0.013333 0.010833
Rosen0917.AA5r.tif 0.025219 0.097389 0.017500 0.022500
Rosen0917.AA5v.tif 0.130159 0.025068 0.022500 0.014167
Rosen0917.AA6r.tif 0.027594 0.097389 0.017500 0.022500
Rosen0917.AA6v.tif 0.134249 0.020978 0.019167 0.017500
Rosen0917.BB1r.tif 0.027594 0.097389 0.017500 0.022500
Rosen0917.BB1v.tif 0.124080 0.031147 0.018333 0.018334
Rosen0917.BB2r.tif 0.033991 0.097389 0.017500 0.022500
Rosen0917.BB2v.tif 0.124080 0.031147 0.018333 0.014167
Rosen0917.BB3r.tif 0.033991 0.097389 0.023333 0.022500
Rosen0917.BB3v.tif 0.124080 0.031147 0.018333 0.016667
Rosen0917.BB4r.tif 0.037554 0.093826 0.021667 0.020000
Rosen0917.BB4v.tif 0.117709 0.037518 0.020833 0.014167
Rosen0917.CC1r.tif 0.027716 0.090360 0.017500 0.024167
Rosen0917.CC1v.tif 0.134172 0.028302 0.015833 0.015000
Rosen0917.CC2r.tif 0.027716 0.090360 0.017500 0.024167
Rosen0917.CC2v.tif 0.137276 0.028511 0.021667 0.013333
Rosen0917.CC3r.tif 0.026287 0.102742 0.028333 0.024167
Rosen0917.CC3v.tif 0.119830 0.037116 0.018333 0.016667
Rosen0917.CC4r.tif 0.025499 0.091335 0.019167 0.023333
Rosen0917.CC4v.tif 0.124204 0.043358 0.014167 0.011667
Rosen0917.CC5r.tif 0.025499 0.091335 0.019167 0.023333
Rosen0917.CC5v.tif 0.112661 0.054901 0.015833 0.016667
Rosen0917.CC6r.tif 0.033149 0.100552 0.019167 0.020000
Rosen0917.CC6v.tif 0.120341 0.040469 0.015833 0.016667
Rosen0917.DD1r.tif 0.033149 0.093645 0.023333 0.020000
Rosen0917.DD1v.tif 0.118337 0.033049 0.019167 0.013333
Rosen0917.DD2r.tif 0.033595 0.086480 0.025000 0.022500
Rosen0917.DD2v.tif 0.119324 0.041566 0.017500 0.017500
Rosen0917.DD3r.tif 0.033595 0.086480 0.025000 0.022500
Rosen0917.DD3v.tif 0.116827 0.034298 0.019167 0.020833
Rosen0917.DD4r.tif 0.033595 0.086480 0.025000 0.022500
Rosen0917.DD4v.tif 0.114439 0.033155 0.015833 0.014167
Rosen0917.EE1r.tif 0.027933 0.092142 0.024167 0.023333
Rosen0917.EE1v.tif 0.114316 0.033278 0.018333 0.011667
Rosen0917.EE2r.tif 0.031008 0.089067 0.016667 0.024167
Rosen0917.EE2v.tif 0.114316 0.033278 0.018333 0.017500
Rosen0917.EE3r.tif 0.029967 0.090108 0.023333 0.017501
Rosen0917.EE3v.tif 0.115139 0.034115 0.011667 0.016667
Rosen0917.EE4r.tif 0.029967 0.090108 0.023333 0.017501
Rosen0917.EE4v.tif 0.111708 0.043991 0.014167 0.014167
Rosen0917.EE5r.tif 0.029967 0.090108 0.023333 0.017501
Rosen0917.EE5v.tif 0.110872 0.032293 0.018333 0.017500
Rosen0917.EE6r.tif 0.029967 0.090108 0.023333 0.017501
Rosen0917.EE6v.tif 0.112903 0.036713 0.019167 0.016666
Rosen0917.endmatter.flyleaf.01r.tif 0.029967 0.090108 0.023333 0.015000
Rosen0917.endmatter.flyleaf.01v.tif 0.096320 0.053296 0.014167 0.016667
Rosen0917.endmatter.flyleaf.02r.tif 0.037569 0.078086 0.022500 0.015833
Rosen0917.endmatter.flyleaf.02v.tif 0.096320 0.053296 0.014167 0.010833
Rosen0917.endmatter.flyleaf.03r.tif 0.026786 0.071012 0.022500 0.019167
Rosen0917.endmatter.flyleaf.03v.tif 0.090615 0.026969 0.020833 0.012500
Rosen0917.endmatter.flyleaf.04r.tif 0.024609 0.015660 0.009167 0.012500
Rosen0917.endmatter.flyleaf.04v.tif 0.087607 0.028846 0.014167 0.019167
Rosen0917.endmatter.pastedown.tif 0.021421 0.018848 0.007500 0.014167
Rosen0917.binding.backcover.tif 0.019780 0.054945 0.019167 0.015000
Rosen0917.binding.spine.tif 0.128571 0.128571 0.011667 0.010833
