Francais803.binding.frontcover.tif 0.011186 0.013423 0.009167 0.008333
Francais803.frontmatter.pastedown.tif 0.016018 0.000000 0.007500 0.011667
Francais803.frontmatter.flyleaf.01r.tif 0.011186 0.013423 0.008333 0.005833
Francais803.frontmatter.flyleaf.01v.tif 0.009709 0.013350 0.009167 0.005833
Francais803.frontmatter.flyleaf.02r.tif 0.015990 0.013423 0.012500 0.010000
Francais803.frontmatter.flyleaf.02v.tif 0.014670 0.014670 0.007500 0.005833
Francais803.frontmatter.flyleaf.03r.tif 0.009501 0.013423 0.009167 0.009167
Francais803.frontmatter.flyleaf.03v.tif 0.016726 0.007168 0.010833 0.010000
Francais803.001r.tif 0.021378 0.011876 0.009167 0.010000
Francais803.001v.tif 0.010664 0.014218 0.008333 0.008333
Francais803.002r.tif 0.011891 0.016647 0.008333 0.008333
Francais803.002v.tif 0.015606 0.016807 0.010000 0.011667
Francais803.003r.tif 0.011891 0.016647 0.011667 0.007500
Francais803.003v.tif 0.015606 0.016807 0.008333 0.011667
Francais803.004r.tif 0.015588 0.014388 0.011667 0.011667
Francais803.004v.tif 0.019048 0.020238 0.011667 0.010000
Francais803.005r.tif 0.015588 0.009697 0.010000 0.007500
Francais803.005v.tif 0.014406 0.020238 0.006667 0.009167
Francais803.006r.tif 0.015588 0.015588 0.010833 0.009167
Francais803.006v.tif 0.014406 0.022864 0.008333 0.009167
Francais803.007r.tif 0.012048 0.013253 0.009167 0.008333
Francais803.007v.tif 0.019139 0.022864 0.007500 0.011667
Francais803.008r.tif 0.015606 0.018007 0.006667 0.008333
Francais803.008v.tif 0.015663 0.021687 0.009167 0.006667
Francais803.009r.tif 0.019002 0.014252 0.009167 0.006667
Francais803.009v.tif 0.016746 0.017943 0.009167 0.007500
Francais803.010r.tif 0.014252 0.011876 0.010000 0.008333
Francais803.010v.tif 0.013237 0.021661 0.012500 0.009167
Francais803.011r.tif 0.014218 0.017773 0.009167 0.008333
Francais803.011v.tif 0.010804 0.027611 0.010000 0.008333
Francais803.012r.tif 0.018094 0.010856 0.008333 0.009167
Francais803.012v.tif 0.014252 0.016627 0.011667 0.007500
Francais803.013r.tif 0.018094 0.015588 0.010000 0.008333
Francais803.013v.tif 0.016766 0.015569 0.011667 0.010000
Francais803.014r.tif 0.014528 0.013317 0.012500 0.008333
Francais803.014v.tif 0.012063 0.022919 0.009167 0.006667
Francais803.015r.tif 0.010843 0.013317 0.010833 0.010833
Francais803.015v.tif 0.014440 0.020457 0.010833 0.006667
Francais803.016r.tif 0.014303 0.014303 0.006667 0.007500
Francais803.016v.tif 0.014440 0.017943 0.009167 0.009167
Francais803.017r.tif 0.014303 0.018072 0.009167 0.008333
Francais803.017v.tif 0.017073 0.010976 0.010833 0.009167
Francais803.018r.tif 0.018094 0.016888 0.012500 0.009167
Francais803.018v.tif 0.016990 0.021845 0.010000 0.007500
Francais803.019r.tif 0.016970 0.014458 0.010833 0.009167
Francais803.019v.tif 0.014510 0.016929 0.010833 0.006667
Francais803.020r.tif 0.016970 0.012121 0.008333 0.007500
Francais803.020v.tif 0.013398 0.019488 0.009167 0.007500
Francais803.021r.tif 0.016970 0.017052 0.010000 0.009167
Francais803.021v.tif 0.014581 0.015796 0.009167 0.007500
Francais803.022r.tif 0.016970 0.015796 0.011667 0.005833
Francais803.022v.tif 0.014724 0.012270 0.010000 0.007500
Francais803.023r.tif 0.016970 0.015796 0.010000 0.009167
Francais803.023v.tif 0.014724 0.017011 0.010833 0.007500
Francais803.024r.tif 0.017094 0.015796 0.012500 0.009167
Francais803.024v.tif 0.012270 0.018405 0.010833 0.010000
Francais803.025r.tif 0.017094 0.014581 0.009167 0.010833
Francais803.025v.tif 0.014616 0.012180 0.011667 0.008333
Francais803.026r.tif 0.017094 0.012092 0.009167 0.007500
Francais803.026v.tif 0.017052 0.018270 0.010000 0.008333
Francais803.027r.tif 0.017094 0.016069 0.010833 0.010833
Francais803.027v.tif 0.016867 0.018270 0.011667 0.010000
Francais803.028r.tif 0.015892 0.014670 0.012500 0.004167
Francais803.028v.tif 0.012330 0.017263 0.010833 0.010000
Francais803.029r.tif 0.017241 0.012315 0.007500 0.006667
Francais803.029v.tif 0.014563 0.015777 0.008333 0.012500
Francais803.030r.tif 0.017241 0.013580 0.010000 0.008333
Francais803.030v.tif 0.012136 0.015777 0.008333 0.010000
Francais803.031r.tif 0.017241 0.014760 0.009167 0.010000
Francais803.031v.tif 0.013514 0.009828 0.010000 0.007500
Francais803.032r.tif 0.014870 0.017348 0.010000 0.010000
Francais803.032v.tif 0.013497 0.013497 0.010833 0.010000
Francais803.033r.tif 0.012392 0.013631 0.009167 0.008333
Francais803.033v.tif 0.012195 0.014634 0.007500 0.009167
Francais803.034r.tif 0.012392 0.012315 0.010833 0.009167
Francais803.034v.tif 0.013415 0.014634 0.010833 0.007500
Francais803.035r.tif 0.012392 0.011152 0.009167 0.008333
Francais803.035v.tif 0.012240 0.012240 0.010833 0.006667
Francais803.036r.tif 0.011043 0.015951 0.009167 0.010000
Francais803.036v.tif 0.015738 0.015738 0.010833 0.007500
Francais803.037r.tif 0.014851 0.018564 0.009167 0.010833
Francais803.037v.tif 0.015738 0.015738 0.009167 0.010000
Francais803.038r.tif 0.012453 0.013699 0.010833 0.009167
Francais803.038v.tif 0.014742 0.015738 0.007500 0.010833
Francais803.039r.tif 0.009975 0.014963 0.010000 0.009167
Francais803.039v.tif 0.015796 0.019441 0.009167 0.008333
Francais803.040r.tif 0.016069 0.013597 0.006667 0.007500
Francais803.040v.tif 0.015796 0.019441 0.010833 0.008333
Francais803.041r.tif 0.016069 0.009988 0.010833 0.010000
Francais803.041v.tif 0.019632 0.019441 0.010833 0.006667
Francais803.042r.tif 0.016069 0.019584 0.009167 0.010000
Francais803.042v.tif 0.013580 0.006173 0.010833 0.010833
Francais803.043r.tif 0.012547 0.015056 0.010833 0.010833
Francais803.043v.tif 0.011002 0.017115 0.007500 0.008333
Francais803.044r.tif 0.013648 0.011166 0.008333 0.009167
Francais803.044v.tif 0.012151 0.019441 0.009167 0.008333
Francais803.045r.tif 0.013648 0.017305 0.010833 0.008333
Francais803.045v.tif 0.010976 0.019441 0.008333 0.006667
Francais803.046r.tif 0.013648 0.011250 0.010833 0.011667
Francais803.046v.tif 0.015796 0.019441 0.007500 0.010000
Francais803.047r.tif 0.012422 0.016149 0.008333 0.007500
Francais803.047v.tif 0.014688 0.018360 0.010833 0.009167
Francais803.048r.tif 0.013597 0.014833 0.009167 0.007500
Francais803.048v.tif 0.014688 0.018360 0.008333 0.007500
Francais803.049r.tif 0.011111 0.013580 0.006667 0.005000
Francais803.049v.tif 0.017011 0.010936 0.009167 0.005833
Francais803.050r.tif 0.016069 0.016069 0.010833 0.010000
Francais803.050v.tif 0.012063 0.019300 0.008333 0.007500
Francais803.051r.tif 0.011125 0.017305 0.012500 0.010000
Francais803.051v.tif 0.015815 0.015815 0.010000 0.006667
Francais803.052r.tif 0.017220 0.017220 0.009167 0.010833
Francais803.052v.tif 0.009756 0.012195 0.010000 0.008333
Francais803.053r.tif 0.012469 0.012469 0.009167 0.010000
Francais803.053v.tif 0.013333 0.019394 0.010000 0.007500
Francais803.054r.tif 0.012469 0.014907 0.010833 0.007500
Francais803.054v.tif 0.013350 0.012136 0.010833 0.010000
Francais803.055r.tif 0.018634 0.017391 0.010833 0.010000
Francais803.055v.tif 0.015931 0.014706 0.008333 0.010000
Francais803.056r.tif 0.011222 0.012469 0.010833 0.007500
Francais803.056v.tif 0.018138 0.016929 0.010833 0.005833
Francais803.057r.tif 0.004988 0.016209 0.008333 0.012500
Francais803.057v.tif 0.011029 0.008578 0.008333 0.011667
Francais803.058r.tif 0.012330 0.013564 0.007500 0.007500
Francais803.058v.tif 0.014475 0.016888 0.010000 0.008333
Francais803.059r.tif 0.016030 0.013564 0.009167 0.005833
Francais803.059v.tif 0.017011 0.016888 0.010000 0.010833
Francais803.060r.tif 0.016030 0.014870 0.010833 0.008333
Francais803.060v.tif 0.014652 0.010989 0.009167 0.009167
Francais803.061r.tif 0.018657 0.012438 0.011667 0.010000
Francais803.061v.tif 0.009604 0.021609 0.006667 0.005833
Francais803.062r.tif 0.017178 0.015951 0.006667 0.008333
Francais803.062v.tif 0.015719 0.018138 0.008333 0.010000
Francais803.063r.tif 0.007463 0.014925 0.009167 0.009167
Francais803.063v.tif 0.014563 0.012136 0.010000 0.010000
Francais803.064r.tif 0.017348 0.012392 0.010833 0.007500
Francais803.064v.tif 0.014888 0.022333 0.010000 0.007500
Francais803.065r.tif 0.009950 0.013682 0.010000 0.009167
Francais803.065v.tif 0.017435 0.016189 0.010833 0.010000
Francais803.066r.tif 0.014981 0.014981 0.010000 0.010000
Francais803.066v.tif 0.014616 0.012180 0.012500 0.006667
Francais803.067r.tif 0.014981 0.014981 0.012500 0.010000
Francais803.067v.tif 0.013301 0.018138 0.008333 0.009167
Francais803.068r.tif 0.014981 0.016169 0.009167 0.011667
Francais803.068v.tif 0.010936 0.015796 0.010000 0.010833
Francais803.069r.tif 0.012330 0.013564 0.008333 0.008333
Francais803.069v.tif 0.010896 0.016949 0.010000 0.008333
Francais803.070r.tif 0.014870 0.013631 0.010833 0.009167
Francais803.070v.tif 0.013317 0.014528 0.010833 0.010000
Francais803.071r.tif 0.016189 0.014944 0.011667 0.009167
Francais803.071v.tif 0.018007 0.016807 0.009167 0.010000
Francais803.072r.tif 0.016189 0.013301 0.009167 0.008333
Francais803.072v.tif 0.015738 0.014528 0.010000 0.007500
Francais803.073r.tif 0.009950 0.016169 0.007500 0.010833
Francais803.073v.tif 0.015738 0.019324 0.010833 0.006667
Francais803.074r.tif 0.013699 0.013699 0.011667 0.009167
Francais803.074v.tif 0.014616 0.010962 0.009167 0.007500
Francais803.075r.tif 0.018138 0.013699 0.009167 0.008333
Francais803.075v.tif 0.014616 0.006135 0.010000 0.008333
Francais803.076r.tif 0.018138 0.016270 0.010000 0.009167
Francais803.076v.tif 0.012594 0.013854 0.009167 0.008333
Francais803.077r.tif 0.018138 0.010949 0.007500 0.009167
Francais803.077v.tif 0.014634 0.015854 0.007500 0.008333
Francais803.078r.tif 0.012594 0.017632 0.012500 0.010833
Francais803.078v.tif 0.016990 0.015854 0.008333 0.005000
Francais803.079r.tif 0.012594 0.013784 0.010000 0.008333
Francais803.079v.tif 0.016990 0.018138 0.010000 0.008333
Francais803.080r.tif 0.016373 0.012594 0.009167 0.008333
Francais803.080v.tif 0.013464 0.015912 0.010000 0.009167
Francais803.081r.tif 0.011264 0.012594 0.009167 0.010000
Francais803.081v.tif 0.014423 0.014423 0.011667 0.006667
Francais803.082r.tif 0.011264 0.016250 0.009167 0.010000
Francais803.082v.tif 0.019300 0.014423 0.010833 0.010000
Francais803.083r.tif 0.013767 0.011264 0.011667 0.004167
Francais803.083v.tif 0.015719 0.014423 0.008333 0.011667
Francais803.084r.tif 0.016250 0.017500 0.009167 0.006667
Francais803.084v.tif 0.018138 0.014423 0.010000 0.010000
Francais803.085r.tif 0.016250 0.018773 0.010833 0.010000
Francais803.085v.tif 0.018138 0.016970 0.010833 0.011667
Francais803.086r.tif 0.021531 0.015550 0.007500 0.009167
Francais803.086v.tif 0.015682 0.019300 0.010000 0.010833
Francais803.087r.tif 0.017011 0.013366 0.010000 0.009167
Francais803.087v.tif 0.015606 0.013205 0.009167 0.007500
Francais803.088r.tif 0.016970 0.016970 0.011667 0.007500
Francais803.088v.tif 0.015606 0.013205 0.009167 0.009167
Francais803.089r.tif 0.012469 0.014963 0.007500 0.010833
Francais803.089v.tif 0.013398 0.015834 0.011667 0.010833
Francais803.090r.tif 0.014493 0.012077 0.010000 0.007500
Francais803.090v.tif 0.010804 0.003601 0.004167 0.007500
Francais803.091r.tif 0.008750 0.013750 0.007500 0.010833
Francais803.091v.tif 0.018138 0.010883 0.007500 0.009167
Francais803.092r.tif 0.014870 0.009913 0.010833 0.010833
Francais803.092v.tif 0.009768 0.013431 0.011667 0.010833
Francais803.093r.tif 0.014870 0.014599 0.010000 0.011667
Francais803.093v.tif 0.013237 0.008424 0.007500 0.009167
Francais803.094r.tif 0.014870 0.012255 0.010000 0.010000
Francais803.094v.tif 0.018051 0.014440 0.010000 0.010000
Francais803.095r.tif 0.014870 0.013665 0.010000 0.009167
Francais803.095v.tif 0.014354 0.010766 0.008333 0.006667
Francais803.096r.tif 0.011057 0.011057 0.009167 0.008333
Francais803.096v.tif 0.012063 0.012063 0.010833 0.005833
Francais803.097r.tif 0.011057 0.011057 0.012500 0.008333
Francais803.097v.tif 0.012063 0.007472 0.008333 0.008333
Francais803.098r.tif 0.011139 0.007426 0.008333 0.000000
Francais803.098v.tif 0.013665 0.013665 0.008333 0.005833
Francais803.099r.tif 0.012500 0.010000 0.008333 0.009167
Francais803.099v.tif 0.018610 0.016129 0.010000 0.010833
Francais803.100r.tif 0.018657 0.011194 0.012500 0.010000
Francais803.100v.tif 0.013333 0.008485 0.010000 0.006667
Francais803.101r.tif 0.018657 0.014616 0.011667 0.009167
Francais803.101v.tif 0.012048 0.010843 0.010833 0.006667
Francais803.102r.tif 0.018657 0.017413 0.010000 0.009167
Francais803.102v.tif 0.013733 0.013733 0.012500 0.009167
Francais803.103r.tif 0.008739 0.013733 0.010833 0.008333
Francais803.103v.tif 0.012438 0.016169 0.007500 0.010833
Francais803.104r.tif 0.014815 0.014815 0.009167 0.008333
Francais803.104v.tif 0.015000 0.008750 0.009167 0.008333
Francais803.105r.tif 0.013750 0.011250 0.010833 0.009167
Francais803.105v.tif 0.012500 0.015000 0.010000 0.010000
Francais803.106r.tif 0.013750 0.017348 0.010000 0.009167
Francais803.106v.tif 0.014475 0.015000 0.009167 0.007500
Francais803.107r.tif 0.016169 0.011194 0.010833 0.013333
Francais803.107v.tif 0.019632 0.015951 0.006667 0.010833
Francais803.108r.tif 0.013398 0.009744 0.012500 0.008333
Francais803.108v.tif 0.014510 0.006046 0.010833 0.007500
Francais803.109r.tif 0.013398 0.009744 0.007500 0.006667
Francais803.109v.tif 0.012500 0.013750 0.010833 0.008333
Francais803.110r.tif 0.016069 0.008653 0.011667 0.009167
Francais803.110v.tif 0.017435 0.017435 0.011667 0.007500
Francais803.111r.tif 0.012531 0.011278 0.009167 0.010000
Francais803.111v.tif 0.012422 0.014907 0.009167 0.007500
Francais803.112r.tif 0.012531 0.018587 0.009167 0.009167
Francais803.112v.tif 0.017348 0.013631 0.011667 0.006667
Francais803.113r.tif 0.008674 0.014870 0.010833 0.010833
Francais803.113v.tif 0.013597 0.013597 0.010000 0.010000
Francais803.114r.tif 0.018541 0.016069 0.010000 0.010000
Francais803.114v.tif 0.008861 0.005063 0.010000 0.007500
Francais803.115r.tif 0.013750 0.013750 0.009167 0.006667
Francais803.115v.tif 0.016270 0.010013 0.006667 0.007500
Francais803.116r.tif 0.013614 0.014851 0.010000 0.010000
Francais803.116v.tif 0.014851 0.013614 0.007500 0.010833
Francais803.117r.tif 0.014760 0.013530 0.006667 0.010000
Francais803.117v.tif 0.010114 0.008850 0.009167 0.010000
Francais803.118r.tif 0.014760 0.014815 0.011667 0.008333
Francais803.118v.tif 0.014724 0.011043 0.009167 0.005000
Francais803.119r.tif 0.019925 0.012453 0.010833 0.009167
Francais803.119v.tif 0.011194 0.012438 0.008333 0.012500
Francais803.120r.tif 0.017073 0.012195 0.011667 0.006667
Francais803.120v.tif 0.012225 0.013447 0.008333 0.009167
Francais803.121r.tif 0.017073 0.009768 0.006667 0.007500
Francais803.121v.tif 0.009840 0.008610 0.008333 0.007500
Francais803.122r.tif 0.015892 0.013447 0.010000 0.005833
Francais803.122v.tif 0.013382 0.010949 0.008333 0.010000
Francais803.123r.tif 0.013716 0.012469 0.009167 0.007500
Francais803.123v.tif 0.009988 0.012484 0.008333 0.007500
Francais803.124r.tif 0.010000 0.016250 0.010833 0.007500
Francais803.124v.tif 0.011278 0.010025 0.009167 0.010000
Francais803.125r.tif 0.013750 0.015000 0.009167 0.008333
Francais803.125v.tif 0.013699 0.014944 0.013333 0.008333
Francais803.126r.tif 0.008772 0.015000 0.006667 0.007500
Francais803.126v.tif 0.013699 0.011264 0.009167 0.008333
Francais803.127r.tif 0.013514 0.013514 0.010833 0.010000
Francais803.127v.tif 0.010962 0.013398 0.005833 0.008333
Francais803.128r.tif 0.013514 0.007177 0.005833 0.005833
Francais803.128v.tif 0.013497 0.012270 0.011667 0.009167
Francais803.129r.tif 0.017241 0.012315 0.010000 0.006667
Francais803.129v.tif 0.012330 0.013564 0.007500 0.005833
Francais803.130r.tif 0.007491 0.012315 0.012500 0.007500
Francais803.130v.tif 0.012225 0.017115 0.008333 0.009167
Francais803.131r.tif 0.025610 0.012315 0.009167 0.009167
Francais803.131v.tif 0.012225 0.017115 0.008333 0.009167
Francais803.132r.tif 0.015951 0.012315 0.013333 0.007500
Francais803.132v.tif 0.014634 0.014634 0.010000 0.008333
Francais803.133r.tif 0.015951 0.013447 0.009167 0.010000
Francais803.133v.tif 0.006173 0.007407 0.010833 0.009167
Francais803.134r.tif 0.015951 0.013447 0.006667 0.006667
Francais803.134v.tif 0.018360 0.018360 0.010833 0.007500
Francais803.135r.tif 0.019560 0.013447 0.009167 0.009167
Francais803.135v.tif 0.011084 0.016010 0.011667 0.006667
Francais803.136r.tif 0.019560 0.014581 0.009167 0.007500
Francais803.136v.tif 0.013614 0.012376 0.007500 0.010833
Francais803.137r.tif 0.016888 0.020507 0.012500 0.007500
Francais803.137v.tif 0.012361 0.016069 0.009167 0.007500
Francais803.138r.tif 0.012285 0.013514 0.008333 0.008333
Francais803.138v.tif 0.013480 0.009804 0.009167 0.008333
Francais803.139r.tif 0.012285 0.014688 0.010833 0.007500
Francais803.139v.tif 0.018182 0.014545 0.007500 0.008333
Francais803.140r.tif 0.012285 0.014688 0.010833 0.010833
Francais803.140v.tif 0.013497 0.011043 0.009167 0.010000
Francais803.141r.tif 0.012285 0.014688 0.010833 0.009167
Francais803.141v.tif 0.015931 0.012255 0.007500 0.009167
Francais803.142r.tif 0.012285 0.015777 0.011667 0.002500
Francais803.142v.tif 0.019488 0.014616 0.009167 0.005833
Francais803.143r.tif 0.014778 0.012315 0.006667 0.007500
Francais803.143v.tif 0.018382 0.018382 0.011667 0.010000
Francais803.144r.tif 0.014724 0.007362 0.008333 0.007500
Francais803.144v.tif 0.013398 0.010962 0.010833 0.007500
Francais803.145r.tif 0.014724 0.008557 0.010833 0.009167
Francais803.145v.tif 0.011084 0.010962 0.009167 0.009167
Francais803.146r.tif 0.004944 0.009889 0.008333 0.011667
Francais803.146v.tif 0.011084 0.013350 0.009167 0.010000
Francais803.147r.tif 0.015777 0.010922 0.011667 0.008333
Francais803.147v.tif 0.008578 0.011029 0.010833 0.008333
Francais803.148r.tif 0.015777 0.008589 0.007500 0.010000
Francais803.148v.tif 0.008578 0.011029 0.009167 0.006667
Francais803.149r.tif 0.009744 0.012180 0.005000 0.010000
Francais803.149v.tif 0.010949 0.007299 0.007500 0.009167
Francais803.150r.tif 0.017964 0.010778 0.011667 0.008333
Francais803.150v.tif 0.010949 0.012077 0.011667 0.005833
Francais803.151r.tif 0.017964 0.013111 0.008333 0.009167
Francais803.151v.tif 0.017836 0.012077 0.009167 0.005833
Francais803.152r.tif 0.021251 0.007084 0.010000 0.000000
Francais803.152v.tif 0.008434 0.019277 0.011667 0.005833
Francais803.153r.tif 0.016929 0.016929 0.009167 0.008333
Francais803.153v.tif 0.012019 0.013221 0.008333 0.009167
Francais803.154r.tif 0.016929 0.009423 0.008333 0.010000
Francais803.154v.tif 0.012019 0.013221 0.010833 0.009167
Francais803.endmatter.flyleaf.01r.tif 0.016355 0.010514 0.007500 0.009167
Francais803.endmatter.flyleaf.01v.tif 0.012881 0.008197 0.010000 0.004167
Francais803.endmatter.flyleaf.02r.tif 0.013889 0.013889 0.010833 0.009167
Francais803.endmatter.flyleaf.02v.tif 0.014184 0.008197 0.010000 0.009167
Francais803.endmatter.pastedown.tif 0.013889 0.009281 0.009167 0.010000
Francais803.binding.backcover.tif 0.012429 0.008197 0.012500 0.006667
Francais803.binding.spine.tif 0.051813 0.051813 0.010000 0.010000
Francais803.misc.color.tif 0.008899 0.015573 0.008333 0.011667
