06000324.XML,Francais1566.bnf.foliation.xml
79000001.TIF,Francais1566.binding.frontcover.tif
79000002.TIF,Francais1566.frontmatter.pastedown.tif
79000003.TIF,Francais1566.frontmatter.flyleaf.01r.tif
79000004.TIF,Francais1566.frontmatter.flyleaf.01v.tif
79000005.TIF,Francais1566.frontmatter.flyleaf.02r.tif
79000006.TIF,Francais1566.frontmatter.flyleaf.02v.tif
79000007.TIF,Francais1566.001r.tif
79000008.TIF,Francais1566.001v.tif
79000009.TIF,Francais1566.002r.tif
79000010.TIF,Francais1566.002v.tif
79000011.TIF,Francais1566.003r.tif
79000012.TIF,Francais1566.003v.tif
79000013.TIF,Francais1566.004r.tif
79000014.TIF,Francais1566.004v.tif
79000015.TIF,Francais1566.005r.tif
79000016.TIF,Francais1566.005v.tif
79000017.TIF,Francais1566.006r.tif
79000018.TIF,Francais1566.006v.tif
79000019.TIF,Francais1566.007r.tif
79000020.TIF,Francais1566.007v.tif
79000021.TIF,Francais1566.008r.tif
79000022.TIF,Francais1566.008v.tif
79000023.TIF,Francais1566.009r.tif
79000024.TIF,Francais1566.009v.tif
79000025.TIF,Francais1566.010r.tif
79000026.TIF,Francais1566.010v.tif
79000027.TIF,Francais1566.011r.tif
79000028.TIF,Francais1566.011v.tif
79000029.TIF,Francais1566.012r.tif
79000030.TIF,Francais1566.012v.tif
79000031.TIF,Francais1566.013r.tif
79000032.TIF,Francais1566.013v.tif
79000033.TIF,Francais1566.014r.tif
79000034.TIF,Francais1566.014v.tif
79000035.TIF,Francais1566.015r.tif
79000036.TIF,Francais1566.015v.tif
79000037.TIF,Francais1566.016r.tif
79000038.TIF,Francais1566.016v.tif
79000039.TIF,Francais1566.017r.tif
79000040.TIF,Francais1566.017v.tif
79000041.TIF,Francais1566.018r.tif
79000042.TIF,Francais1566.018v.tif
79000043.TIF,Francais1566.019r.tif
79000044.TIF,Francais1566.019v.tif
79000045.TIF,Francais1566.020r.tif
79000046.TIF,Francais1566.020v.tif
79000047.TIF,Francais1566.021r.tif
79000048.TIF,Francais1566.021v.tif
79000049.TIF,Francais1566.022r.tif
79000050.TIF,Francais1566.022v.tif
79000051.TIF,Francais1566.023r.tif
79000052.TIF,Francais1566.023v.tif
79000053.TIF,Francais1566.024r.tif
79000054.TIF,Francais1566.024v.tif
79000055.TIF,Francais1566.025r.tif
79000056.TIF,Francais1566.025v.tif
79000057.TIF,Francais1566.026r.tif
79000058.TIF,Francais1566.026v.tif
79000059.TIF,Francais1566.027r.tif
79000060.TIF,Francais1566.027v.tif
79000061.TIF,Francais1566.028r.tif
79000062.TIF,Francais1566.028v.tif
79000063.TIF,Francais1566.029r.tif
79000064.TIF,Francais1566.029v.tif
79000065.TIF,Francais1566.030r.tif
79000066.TIF,Francais1566.030v.tif
79000067.TIF,Francais1566.031r.tif
79000068.TIF,Francais1566.031v.tif
79000069.TIF,Francais1566.032r.tif
79000070.TIF,Francais1566.032v.tif
79000071.TIF,Francais1566.033r.tif
79000072.TIF,Francais1566.033v.tif
79000073.TIF,Francais1566.034r.tif
79000074.TIF,Francais1566.034v.tif
79000075.TIF,Francais1566.035r.tif
79000076.TIF,Francais1566.035v.tif
79000077.TIF,Francais1566.036r.tif
79000078.TIF,Francais1566.036v.tif
79000079.TIF,Francais1566.037r.tif
79000080.TIF,Francais1566.037v.tif
79000081.TIF,Francais1566.038r.tif
79000082.TIF,Francais1566.038v.tif
79000083.TIF,Francais1566.039r.tif
79000084.TIF,Francais1566.039v.tif
79000085.TIF,Francais1566.040r.tif
79000086.TIF,Francais1566.040v.tif
79000087.TIF,Francais1566.041r.tif
79000088.TIF,Francais1566.041v.tif
79000089.TIF,Francais1566.042r.tif
79000090.TIF,Francais1566.042v.tif
79000091.TIF,Francais1566.043r.tif
79000092.TIF,Francais1566.043v.tif
79000093.TIF,Francais1566.044r.tif
79000094.TIF,Francais1566.044v.tif
79000095.TIF,Francais1566.045r.tif
79000096.TIF,Francais1566.045v.tif
79000097.TIF,Francais1566.046r.tif
79000098.TIF,Francais1566.046v.tif
79000099.TIF,Francais1566.047r.tif
79000100.TIF,Francais1566.047v.tif
79000101.TIF,Francais1566.048r.tif
79000102.TIF,Francais1566.048v.tif
79000103.TIF,Francais1566.049r.tif
79000104.TIF,Francais1566.049v.tif
79000105.TIF,Francais1566.050r.tif
79000106.TIF,Francais1566.050v.tif
79000107.TIF,Francais1566.051r.tif
79000108.TIF,Francais1566.051v.tif
79000109.TIF,Francais1566.052r.tif
79000110.TIF,Francais1566.052v.tif
79000111.TIF,Francais1566.053r.tif
79000112.TIF,Francais1566.053v.tif
79000113.TIF,Francais1566.054r.tif
79000114.TIF,Francais1566.054v.tif
79000115.TIF,Francais1566.055r.tif
79000116.TIF,Francais1566.055v.tif
79000117.TIF,Francais1566.056r.tif
79000118.TIF,Francais1566.056v.tif
79000119.TIF,Francais1566.057r.tif
79000120.TIF,Francais1566.057v.tif
79000121.TIF,Francais1566.058r.tif
79000122.TIF,Francais1566.058v.tif
79000123.TIF,Francais1566.059r.tif
79000124.TIF,Francais1566.059v.tif
79000125.TIF,Francais1566.060r.tif
79000126.TIF,Francais1566.060v.tif
79000127.TIF,Francais1566.061r.tif
79000128.TIF,Francais1566.061v.tif
79000129.TIF,Francais1566.062r.tif
79000130.TIF,Francais1566.062v.tif
79000131.TIF,Francais1566.063r.tif
79000132.TIF,Francais1566.063v.tif
79000133.TIF,Francais1566.064r.tif
79000134.TIF,Francais1566.064v.tif
79000135.TIF,Francais1566.065r.tif
79000136.TIF,Francais1566.065v.tif
79000137.TIF,Francais1566.066r.tif
79000138.TIF,Francais1566.066v.tif
79000139.TIF,Francais1566.067r.tif
79000140.TIF,Francais1566.067v.tif
79000141.TIF,Francais1566.068r.tif
79000142.TIF,Francais1566.068v.tif
79000143.TIF,Francais1566.069r.tif
79000144.TIF,Francais1566.069v.tif
79000145.TIF,Francais1566.070r.tif
79000146.TIF,Francais1566.070v.tif
79000147.TIF,Francais1566.071r.tif
79000148.TIF,Francais1566.071v.tif
79000149.TIF,Francais1566.072r.tif
79000150.TIF,Francais1566.072v.tif
79000151.TIF,Francais1566.073r.tif
79000152.TIF,Francais1566.073v.tif
79000153.TIF,Francais1566.074r.tif
79000154.TIF,Francais1566.074v.tif
79000155.TIF,Francais1566.075r.tif
79000156.TIF,Francais1566.075v.tif
79000157.TIF,Francais1566.076r.tif
79000158.TIF,Francais1566.076v.tif
79000159.TIF,Francais1566.077r.tif
79000160.TIF,Francais1566.077v.tif
79000161.TIF,Francais1566.078r.tif
79000162.TIF,Francais1566.078v.tif
79000163.TIF,Francais1566.079r.tif
79000164.TIF,Francais1566.079v.tif
79000165.TIF,Francais1566.080r.tif
79000166.TIF,Francais1566.080v.tif
79000167.TIF,Francais1566.081r.tif
79000168.TIF,Francais1566.081v.tif
79000169.TIF,Francais1566.082r.tif
79000170.TIF,Francais1566.082v.tif
79000171.TIF,Francais1566.083r.tif
79000172.TIF,Francais1566.083v.tif
79000173.TIF,Francais1566.084r.tif
79000174.TIF,Francais1566.084v.tif
79000175.TIF,Francais1566.085r.tif
79000176.TIF,Francais1566.085v.tif
79000177.TIF,Francais1566.086r.tif
79000178.TIF,Francais1566.086v.tif
79000179.TIF,Francais1566.087r.tif
79000180.TIF,Francais1566.087v.tif
79000181.TIF,Francais1566.088r.tif
79000182.TIF,Francais1566.088v.tif
79000183.TIF,Francais1566.089r.tif
79000184.TIF,Francais1566.089v.tif
79000185.TIF,Francais1566.090r.tif
79000186.TIF,Francais1566.090v.tif
79000187.TIF,Francais1566.091r.tif
79000188.TIF,Francais1566.091v.tif
79000189.TIF,Francais1566.092r.tif
79000190.TIF,Francais1566.092v.tif
79000191.TIF,Francais1566.093r.tif
79000192.TIF,Francais1566.093v.tif
79000193.TIF,Francais1566.094r.tif
79000194.TIF,Francais1566.094v.tif
79000195.TIF,Francais1566.095r.tif
79000196.TIF,Francais1566.095v.tif
79000197.TIF,Francais1566.096r.tif
79000198.TIF,Francais1566.096v.tif
79000199.TIF,Francais1566.097r.tif
79000200.TIF,Francais1566.097v.tif
79000201.TIF,Francais1566.098r.tif
79000202.TIF,Francais1566.098v.tif
79000203.TIF,Francais1566.099r.tif
79000204.TIF,Francais1566.099v.tif
79000205.TIF,Francais1566.100r.tif
79000206.TIF,Francais1566.100v.tif
79000207.TIF,Francais1566.101r.tif
79000208.TIF,Francais1566.101v.tif
79000209.TIF,Francais1566.102r.tif
79000210.TIF,Francais1566.102v.tif
79000211.TIF,Francais1566.103r.tif
79000212.TIF,Francais1566.103v.tif
79000213.TIF,Francais1566.104r.tif
79000214.TIF,Francais1566.104v.tif
79000215.TIF,Francais1566.105r.tif
79000216.TIF,Francais1566.105v.tif
79000217.TIF,Francais1566.106r.tif
79000218.TIF,Francais1566.106v.tif
79000219.TIF,Francais1566.107r.tif
79000220.TIF,Francais1566.107v.tif
79000221.TIF,Francais1566.108r.tif
79000222.TIF,Francais1566.108v.tif
79000223.TIF,Francais1566.109r.tif
79000224.TIF,Francais1566.109v.tif
79000225.TIF,Francais1566.110r.tif
79000226.TIF,Francais1566.110v.tif
79000227.TIF,Francais1566.111r.tif
79000228.TIF,Francais1566.111v.tif
79000229.TIF,Francais1566.112r.tif
79000230.TIF,Francais1566.112v.tif
79000231.TIF,Francais1566.113r.tif
79000232.TIF,Francais1566.113v.tif
79000233.TIF,Francais1566.114r.tif
79000234.TIF,Francais1566.114v.tif
79000235.TIF,Francais1566.115r.tif
79000236.TIF,Francais1566.115v.tif
79000237.TIF,Francais1566.116r.tif
79000238.TIF,Francais1566.116v.tif
79000239.TIF,Francais1566.117r.tif
79000240.TIF,Francais1566.117v.tif
79000241.TIF,Francais1566.118r.tif
79000242.TIF,Francais1566.118v.tif
79000243.TIF,Francais1566.119r.tif
79000244.TIF,Francais1566.119v.tif
79000245.TIF,Francais1566.120r.tif
79000246.TIF,Francais1566.120v.tif
79000247.TIF,Francais1566.121r.tif
79000248.TIF,Francais1566.121v.tif
79000249.TIF,Francais1566.122r.tif
79000250.TIF,Francais1566.122v.tif
79000251.TIF,Francais1566.123r.tif
79000252.TIF,Francais1566.123v.tif
79000253.TIF,Francais1566.124r.tif
79000254.TIF,Francais1566.124v.tif
79000255.TIF,Francais1566.125r.tif
79000256.TIF,Francais1566.125v.tif
79000257.TIF,Francais1566.126r.tif
79000258.TIF,Francais1566.126v.tif
79000259.TIF,Francais1566.127r.tif
79000260.TIF,Francais1566.127v.tif
79000261.TIF,Francais1566.128r.tif
79000262.TIF,Francais1566.128v.tif
79000263.TIF,Francais1566.129r.tif
79000264.TIF,Francais1566.129v.tif
79000265.TIF,Francais1566.130r.tif
79000266.TIF,Francais1566.130v.tif
79000267.TIF,Francais1566.endmatter.flyleaf.01r.tif
79000268.TIF,Francais1566.endmatter.flyleaf.01v.tif
79000269.TIF,Francais1566.endmatter.flyleaf.02r.tif
79000270.TIF,Francais1566.endmatter.flyleaf.02v.tif
79000271.TIF,Francais1566.endmatter.pastedown.tif
79000272.TIF,Francais1566.binding.backcover.tif
79000273.TIF,Francais1566.binding.spine.tif
Francais1566.bnf.MD5SUM,Francais1566.bnf.MD5SUM
