Francais12588.binding.frontcover.tif 0.008424 0.012034 0.012500 0.008333
Francais12588.frontmatter.pastedown.tif 0.018987 0.012034 0.012500 0.014167
Francais12588.frontmatter.flyleaf.01r.tif 0.008424 0.016352 0.012500 0.010833
Francais12588.frontmatter.flyleaf.01v.tif 0.018987 0.012034 0.012500 0.014167
Francais12588.frontmatter.flyleaf.02r.tif 0.008424 0.018868 0.012500 0.010833
Francais12588.frontmatter.flyleaf.02v.tif 0.018987 0.012034 0.012500 0.014167
Francais12588.frontmatter.flyleaf.03r.tif 0.008424 0.018868 0.012500 0.010833
Francais12588.frontmatter.flyleaf.03v.tif 0.018987 0.012034 0.012500 0.014167
Francais12588.001r.tif 0.018939 0.018868 0.012500 0.010833
Francais12588.001v.tif 0.003807 0.015228 0.011667 0.007500
Francais12588.002r.tif 0.021277 0.015228 0.010833 0.009167
Francais12588.002v.tif 0.011407 0.015228 0.011667 0.010833
Francais12588.003r.tif 0.021277 0.011292 0.010000 0.009167
Francais12588.003v.tif 0.011407 0.015228 0.008333 0.010833
Francais12588.004r.tif 0.021277 0.011292 0.010000 0.009167
Francais12588.004v.tif 0.011407 0.015228 0.008333 0.010833
Francais12588.005r.tif 0.021277 0.011292 0.010833 0.010000
Francais12588.005v.tif 0.012594 0.006369 0.013333 0.009166
Francais12588.006r.tif 0.022959 0.012755 0.010833 0.010000
Francais12588.006v.tif 0.016373 0.006369 0.012500 0.010000
Francais12588.007r.tif 0.022959 0.012755 0.010833 0.010000
Francais12588.007v.tif 0.013767 0.015019 0.009167 0.010000
Francais12588.008r.tif 0.021250 0.012500 0.006667 0.010000
Francais12588.008v.tif 0.013767 0.015019 0.009167 0.010000
Francais12588.009r.tif 0.023929 0.012500 0.007500 0.010000
Francais12588.009v.tif 0.013767 0.018750 0.010833 0.008333
Francais12588.010r.tif 0.023929 0.011436 0.010000 0.010833
Francais12588.010v.tif 0.016069 0.018750 0.008333 0.009167
Francais12588.011r.tif 0.031328 0.013784 0.010833 0.008333
Francais12588.011v.tif 0.016069 0.018750 0.012500 0.007500
Francais12588.012r.tif 0.031328 0.012642 0.010833 0.006667
Francais12588.012v.tif 0.012407 0.018750 0.013333 0.006667
Francais12588.013r.tif 0.036709 0.016456 0.007500 0.006667
Francais12588.013v.tif 0.012407 0.018750 0.013333 0.009167
Francais12588.014r.tif 0.025381 0.013959 0.009167 0.009167
Francais12588.014v.tif 0.015544 0.015544 0.010833 0.012500
Francais12588.015r.tif 0.025381 0.013959 0.010833 0.010000
Francais12588.015v.tif 0.015544 0.015464 0.010833 0.009167
Francais12588.016r.tif 0.016645 0.019206 0.008333 0.007500
Francais12588.016v.tif 0.015544 0.010526 0.009167 0.010000
Francais12588.017r.tif 0.016645 0.008917 0.010000 0.010833
Francais12588.017v.tif 0.017995 0.015424 0.010833 0.008333
Francais12588.018r.tif 0.010270 0.015292 0.010833 0.009167
Francais12588.018v.tif 0.017995 0.015424 0.011667 0.010833
Francais12588.019r.tif 0.016624 0.011509 0.009167 0.009167
Francais12588.019v.tif 0.014304 0.015424 0.013333 0.008333
Francais12588.020r.tif 0.012870 0.014157 0.010833 0.014167
Francais12588.020v.tif 0.014304 0.012953 0.010000 0.010000
Francais12588.021r.tif 0.019330 0.009021 0.010833 0.005833
Francais12588.021v.tif 0.014304 0.012953 0.010833 0.010000
Francais12588.022r.tif 0.019330 0.012723 0.009167 0.007500
Francais12588.022v.tif 0.015544 0.014249 0.010000 0.009167
Francais12588.023r.tif 0.014212 0.012723 0.012500 0.008333
Francais12588.023v.tif 0.015544 0.020672 0.011667 0.010000
Francais12588.024r.tif 0.016645 0.012723 0.010000 0.010833
Francais12588.024v.tif 0.018892 0.017632 0.010833 0.002500
Francais12588.025r.tif 0.017926 0.016645 0.008333 0.008333
Francais12588.025v.tif 0.014436 0.017632 0.010833 0.010000
Francais12588.026r.tif 0.010349 0.016645 0.008333 0.008333
Francais12588.026v.tif 0.014436 0.015544 0.010000 0.010000
Francais12588.027r.tif 0.016645 0.016645 0.008333 0.008333
Francais12588.027v.tif 0.015584 0.015544 0.010000 0.010000
Francais12588.028r.tif 0.016710 0.014139 0.008333 0.005000
Francais12588.028v.tif 0.015584 0.015544 0.010000 0.010000
Francais12588.029r.tif 0.016710 0.014139 0.009167 0.007500
Francais12588.029v.tif 0.017926 0.020487 0.008333 0.007500
Francais12588.030r.tif 0.016710 0.014139 0.009167 0.007500
Francais12588.030v.tif 0.016731 0.020487 0.008333 0.007500
Francais12588.031r.tif 0.016710 0.014139 0.009167 0.010000
Francais12588.031v.tif 0.016731 0.017789 0.014167 0.007500
Francais12588.032r.tif 0.016710 0.016645 0.011667 0.010000
Francais12588.032v.tif 0.015584 0.017789 0.009167 0.008333
Francais12588.033r.tif 0.016710 0.010336 0.010833 0.008333
Francais12588.033v.tif 0.018253 0.017789 0.009167 0.010833
Francais12588.034r.tif 0.016710 0.015190 0.008333 0.008333
Francais12588.034v.tif 0.018253 0.017789 0.009167 0.010833
Francais12588.035r.tif 0.016710 0.010217 0.010000 0.008333
Francais12588.035v.tif 0.018253 0.014230 0.009167 0.010000
Francais12588.036r.tif 0.016710 0.015385 0.009167 0.010833
Francais12588.036v.tif 0.011765 0.014230 0.010833 0.010000
Francais12588.037r.tif 0.016731 0.010296 0.009167 0.010833
Francais12588.037v.tif 0.015484 0.014230 0.010000 0.006667
Francais12588.038r.tif 0.016731 0.010296 0.008333 0.011667
Francais12588.038v.tif 0.015484 0.014230 0.009167 0.007500
Francais12588.039r.tif 0.016731 0.013836 0.009167 0.007500
Francais12588.039v.tif 0.012821 0.014230 0.010833 0.009167
Francais12588.040r.tif 0.016731 0.013836 0.008333 0.007500
Francais12588.040v.tif 0.012821 0.016539 0.009167 0.005833
Francais12588.041r.tif 0.016731 0.013836 0.010833 0.008333
Francais12588.041v.tif 0.012821 0.016539 0.009167 0.007500
Francais12588.042r.tif 0.013547 0.013836 0.008333 0.008333
Francais12588.042v.tif 0.012821 0.016539 0.010833 0.007500
Francais12588.043r.tif 0.013547 0.013836 0.008333 0.006667
Francais12588.043v.tif 0.013733 0.011236 0.010000 0.009167
Francais12588.044r.tif 0.013547 0.013836 0.010833 0.009167
Francais12588.044v.tif 0.013733 0.010114 0.010833 0.003333
Francais12588.045r.tif 0.008589 0.011043 0.009167 0.005000
Francais12588.045v.tif 0.017348 0.010114 0.010833 0.009167
Francais12588.046r.tif 0.008589 0.011043 0.010000 0.007500
Francais12588.046v.tif 0.012330 0.013564 0.010000 0.010000
Francais12588.047r.tif 0.008589 0.011043 0.010000 0.008333
Francais12588.047v.tif 0.014475 0.013564 0.010833 0.010000
Francais12588.048r.tif 0.008589 0.011043 0.010000 0.008333
Francais12588.048v.tif 0.014475 0.013699 0.012500 0.006667
Francais12588.049r.tif 0.008589 0.011043 0.010000 0.005000
Francais12588.049v.tif 0.014475 0.013699 0.010833 0.008333
Francais12588.050r.tif 0.015094 0.013836 0.010833 0.011667
Francais12588.050v.tif 0.010101 0.013699 0.009167 0.008333
Francais12588.051r.tif 0.017677 0.006313 0.008333 0.009167
Francais12588.051v.tif 0.011378 0.016435 0.010833 0.008333
Francais12588.052r.tif 0.017857 0.006313 0.008333 0.008333
Francais12588.052v.tif 0.012706 0.012706 0.010000 0.005833
Francais12588.053r.tif 0.017857 0.011222 0.008333 0.000000
Francais12588.053v.tif 0.012706 0.012706 0.010000 0.005833
Francais12588.054r.tif 0.017857 0.011222 0.010000 0.006667
Francais12588.054v.tif 0.015113 0.012706 0.011667 0.010000
Francais12588.055r.tif 0.017857 0.016373 0.010000 0.008333
Francais12588.055v.tif 0.013889 0.012706 0.011667 0.010833
Francais12588.056r.tif 0.017857 0.011392 0.009167 0.008333
Francais12588.056v.tif 0.013889 0.016435 0.010000 0.010833
Francais12588.057r.tif 0.017857 0.015287 0.005833 0.008333
Francais12588.057v.tif 0.013889 0.010243 0.010000 0.008333
Francais12588.058r.tif 0.017857 0.012723 0.006667 0.005000
Francais12588.058v.tif 0.015228 0.015228 0.010000 0.006667
Francais12588.059r.tif 0.017857 0.012723 0.006667 0.006667
Francais12588.059v.tif 0.017744 0.010139 0.010000 0.006667
Francais12588.060r.tif 0.017857 0.017654 0.009167 0.007500
Francais12588.060v.tif 0.012837 0.010270 0.011667 0.009167
Francais12588.061r.tif 0.017857 0.011364 0.009167 0.008333
Francais12588.061v.tif 0.017610 0.018076 0.009167 0.010000
Francais12588.062r.tif 0.013802 0.013802 0.010833 0.005000
Francais12588.062v.tif 0.013854 0.018076 0.011667 0.009167
Francais12588.063r.tif 0.013802 0.011250 0.008333 0.008333
Francais12588.063v.tif 0.013854 0.016373 0.010833 0.007500
Francais12588.064r.tif 0.013802 0.011250 0.008333 0.008333
Francais12588.064v.tif 0.013854 0.008906 0.009167 0.007500
Francais12588.065r.tif 0.013942 0.011250 0.006667 0.010000
Francais12588.065v.tif 0.011568 0.008906 0.010833 0.007500
Francais12588.066r.tif 0.015000 0.013750 0.010833 0.007500
Francais12588.066v.tif 0.011568 0.012626 0.010833 0.009167
Francais12588.067r.tif 0.015000 0.013750 0.010833 0.007500
Francais12588.067v.tif 0.011568 0.018939 0.010833 0.009167
Francais12588.068r.tif 0.017588 0.013750 0.010833 0.010000
Francais12588.068v.tif 0.014013 0.018939 0.010000 0.009167
Francais12588.069r.tif 0.017456 0.013882 0.015000 0.006667
Francais12588.069v.tif 0.015152 0.018939 0.012500 0.006667
Francais12588.070r.tif 0.024184 0.012092 0.012500 0.010000
Francais12588.070v.tif 0.015152 0.018939 0.010000 0.008333
Francais12588.071r.tif 0.024184 0.012092 0.012500 0.010000
Francais12588.071v.tif 0.015152 0.018939 0.011667 0.008333
Francais12588.072r.tif 0.023929 0.015368 0.015833 0.006667
Francais12588.072v.tif 0.015152 0.022670 0.011667 0.008333
Francais12588.073r.tif 0.023929 0.015368 0.010833 0.010000
Francais12588.073v.tif 0.012500 0.022670 0.011667 0.008333
Francais12588.074r.tif 0.017435 0.008717 0.007500 0.007500
Francais12588.074v.tif 0.012500 0.022670 0.011667 0.008333
Francais12588.075r.tif 0.017435 0.008717 0.010000 0.007500
Francais12588.075v.tif 0.012500 0.022670 0.011667 0.008333
Francais12588.076r.tif 0.017435 0.008717 0.010000 0.007500
Francais12588.076v.tif 0.014981 0.012484 0.010833 0.011667
Francais12588.077r.tif 0.017435 0.011194 0.009167 0.006667
Francais12588.077v.tif 0.014981 0.012484 0.010000 0.007500
Francais12588.078r.tif 0.012407 0.008685 0.004167 0.007500
Francais12588.078v.tif 0.014981 0.012484 0.010000 0.009167
Francais12588.079r.tif 0.017391 0.012422 0.010000 0.006667
Francais12588.079v.tif 0.012210 0.015873 0.007500 0.009167
Francais12588.080r.tif 0.017391 0.012422 0.010000 0.007500
Francais12588.080v.tif 0.012210 0.008631 0.007500 0.006667
Francais12588.081r.tif 0.017391 0.010050 0.008333 0.005833
Francais12588.081v.tif 0.014797 0.018496 0.011667 0.008333
Francais12588.082r.tif 0.023750 0.012500 0.013333 0.008333
Francais12588.082v.tif 0.013530 0.012300 0.011667 0.008333
Francais12588.083r.tif 0.018892 0.012500 0.011667 0.008333
Francais12588.083v.tif 0.013530 0.012300 0.011667 0.007500
Francais12588.084r.tif 0.018892 0.012500 0.011667 0.010000
Francais12588.084v.tif 0.013530 0.019851 0.012500 0.010000
Francais12588.085r.tif 0.018892 0.012500 0.011667 0.010000
Francais12588.085v.tif 0.013530 0.019851 0.011667 0.010000
Francais12588.086r.tif 0.018892 0.012500 0.009167 0.010000
Francais12588.086v.tif 0.017348 0.019851 0.010833 0.008333
Francais12588.087r.tif 0.016311 0.012500 0.010000 0.011667
Francais12588.087v.tif 0.014706 0.000000 0.008333 0.009167
Francais12588.088r.tif 0.016311 0.012500 0.010000 0.011667
Francais12588.088v.tif 0.014706 0.015951 0.008333 0.005833
Francais12588.089r.tif 0.016311 0.014815 0.010000 0.009167
Francais12588.089v.tif 0.014706 0.015951 0.012500 0.009167
Francais12588.090r.tif 0.011194 0.014815 0.010833 0.009167
Francais12588.090v.tif 0.013597 0.016069 0.010833 0.007500
Francais12588.091r.tif 0.016049 0.018519 0.009167 0.010000
Francais12588.091v.tif 0.015854 0.020732 0.012500 0.009167
Francais12588.092r.tif 0.016049 0.013530 0.007500 0.006667
Francais12588.092v.tif 0.019488 0.020732 0.010833 0.006667
Francais12588.093r.tif 0.016049 0.013530 0.009167 0.007500
Francais12588.093v.tif 0.017199 0.020732 0.012500 0.007500
Francais12588.094r.tif 0.016049 0.015056 0.010833 0.010000
Francais12588.094v.tif 0.017199 0.017305 0.012500 0.009167
Francais12588.095r.tif 0.011250 0.015056 0.009167 0.008333
Francais12588.095v.tif 0.017199 0.017305 0.012500 0.010000
Francais12588.096r.tif 0.014907 0.015056 0.009167 0.008333
Francais12588.096v.tif 0.013648 0.016129 0.010000 0.007500
Francais12588.097r.tif 0.014907 0.017478 0.011667 0.008333
Francais12588.097v.tif 0.013648 0.018519 0.009167 0.007500
Francais12588.098r.tif 0.014907 0.017478 0.009167 0.008333
Francais12588.098v.tif 0.013648 0.018519 0.008333 0.008333
Francais12588.099r.tif 0.014599 0.010949 0.015000 0.005000
Francais12588.099v.tif 0.004932 0.007398 0.015000 0.009167
Francais12588.100r.tif 0.011250 0.013750 0.015000 0.013333
Francais12588.100v.tif 0.010962 0.010962 0.010833 0.010833
Francais12588.101r.tif 0.011250 0.013750 0.008333 0.010833
Francais12588.101v.tif 0.010962 0.021092 0.009167 0.006667
Francais12588.102r.tif 0.011250 0.013750 0.010833 0.010833
Francais12588.102v.tif 0.011264 0.007509 0.010833 0.008333
Francais12588.103r.tif 0.015424 0.013750 0.008333 0.010833
Francais12588.103v.tif 0.016109 0.017348 0.009167 0.010833
Francais12588.104r.tif 0.020356 0.015267 0.010000 0.009167
Francais12588.104v.tif 0.015000 0.017348 0.009167 0.008333
Francais12588.105r.tif 0.020356 0.016456 0.010000 0.008333
Francais12588.105v.tif 0.012361 0.023486 0.011667 0.008333
Francais12588.106r.tif 0.020356 0.015228 0.010000 0.008333
Francais12588.106v.tif 0.008761 0.015019 0.009167 0.010000
Francais12588.107r.tif 0.021411 0.017632 0.010000 0.008333
Francais12588.107v.tif 0.016169 0.015019 0.010000 0.010000
Francais12588.108r.tif 0.021411 0.020126 0.010000 0.008333
Francais12588.108v.tif 0.011166 0.015019 0.009167 0.005833
Francais12588.109r.tif 0.015365 0.011524 0.010000 0.008333
Francais12588.109v.tif 0.013750 0.015019 0.010000 0.008333
Francais12588.110r.tif 0.015365 0.014103 0.011667 0.010833
Francais12588.110v.tif 0.012500 0.021250 0.011667 0.008333
Francais12588.111r.tif 0.014175 0.012887 0.008333 0.007500
Francais12588.111v.tif 0.016189 0.019925 0.010000 0.005833
Francais12588.112r.tif 0.020539 0.011553 0.012500 0.007500
Francais12588.112v.tif 0.016189 0.019925 0.010833 0.010000
Francais12588.113r.tif 0.019280 0.016710 0.010833 0.009167
Francais12588.113v.tif 0.012870 0.019925 0.012500 0.013333
Francais12588.114r.tif 0.019280 0.014121 0.010833 0.009167
Francais12588.114v.tif 0.012870 0.020487 0.010000 0.007500
Francais12588.115r.tif 0.021656 0.015287 0.010000 0.008333
Francais12588.115v.tif 0.016561 0.020487 0.010000 0.009167
Francais12588.116r.tif 0.021656 0.010230 0.009167 0.008333
Francais12588.116v.tif 0.017744 0.020487 0.010833 0.009167
Francais12588.117r.tif 0.021656 0.013906 0.009167 0.011667
Francais12588.117v.tif 0.015000 0.020487 0.008333 0.009167
Francais12588.118r.tif 0.020395 0.018916 0.012500 0.008333
Francais12588.118v.tif 0.016456 0.017722 0.009167 0.009167
Francais12588.119r.tif 0.012739 0.010191 0.010833 0.009167
Francais12588.119v.tif 0.016456 0.012821 0.011667 0.010833
Francais12588.120r.tif 0.016250 0.013750 0.013333 0.007500
Francais12588.120v.tif 0.012547 0.015056 0.009167 0.010833
Francais12588.121r.tif 0.011321 0.013750 0.008333 0.010833
Francais12588.121v.tif 0.012392 0.028501 0.010000 0.009167
Francais12588.122r.tif 0.013716 0.012469 0.010833 0.010833
Francais12588.122v.tif 0.009963 0.013699 0.010000 0.006667
Francais12588.123r.tif 0.017305 0.013597 0.010833 0.010000
Francais12588.123v.tif 0.013464 0.023256 0.009167 0.006667
Francais12588.124r.tif 0.017305 0.013597 0.010833 0.010000
Francais12588.124v.tif 0.013464 0.023256 0.009167 0.006667
Francais12588.125r.tif 0.017305 0.014981 0.011667 0.007500
Francais12588.125v.tif 0.012500 0.023256 0.010833 0.010833
Francais12588.126r.tif 0.022113 0.019656 0.011667 0.011667
Francais12588.126v.tif 0.013942 0.010139 0.008333 0.008333
Francais12588.127r.tif 0.022113 0.012484 0.011667 0.003333
Francais12588.127v.tif 0.011084 0.032020 0.009167 0.010000
Francais12588.128r.tif 0.010114 0.010114 0.007500 0.007500
Francais12588.128v.tif 0.011084 0.032020 0.009167 0.011667
Francais12588.129r.tif 0.018797 0.013784 0.007500 0.007500
Francais12588.129v.tif 0.008794 0.018844 0.005000 0.011667
Francais12588.130r.tif 0.020025 0.012516 0.011667 0.004167
Francais12588.130v.tif 0.015113 0.018892 0.010833 0.006667
Francais12588.131r.tif 0.000000 0.012516 0.009167 0.005833
Francais12588.131v.tif 0.012484 0.018892 0.009167 0.004167
Francais12588.132r.tif 0.020202 0.010101 0.009167 0.009167
Francais12588.132v.tif 0.012484 0.018892 0.010833 0.005833
Francais12588.133r.tif 0.020202 0.013802 0.009167 0.003333
Francais12588.133v.tif 0.010000 0.023750 0.010833 0.004167
Francais12588.134r.tif 0.020202 0.012610 0.009167 0.009167
Francais12588.134v.tif 0.015038 0.016291 0.010833 0.008333
Francais12588.135r.tif 0.011378 0.008850 0.009167 0.005833
Francais12588.135v.tif 0.012500 0.016291 0.009167 0.006667
Francais12588.136r.tif 0.011378 0.011292 0.008333 0.006667
Francais12588.136v.tif 0.013977 0.017789 0.009167 0.008333
Francais12588.137r.tif 0.017435 0.027397 0.013333 0.042500
Francais12588.137v.tif 0.020279 0.022814 0.013333 0.035833
Francais12588.138r.tif 0.015748 0.020997 0.021667 0.044167
Francais12588.138v.tif 0.011494 0.016603 0.009167 0.026667
Francais12588.139r.tif 0.015228 0.020305 0.011667 0.048333
Francais12588.139v.tif 0.020101 0.016603 0.009167 0.047500
Francais12588.endmatter.flyleaf.01r.tif 0.013547 0.013547 0.010833 0.010000
Francais12588.endmatter.flyleaf.01v.tif 0.016069 0.016603 0.010000 0.008333
Francais12588.endmatter.flyleaf.02r.tif 0.017220 0.015990 0.009167 0.010000
Francais12588.endmatter.flyleaf.02v.tif 0.013767 0.026283 0.010000 0.015833
Francais12588.endmatter.pastedown.tif 0.008850 0.015990 0.011667 0.011667
Francais12588.binding.backcover.tif 0.017710 0.005903 0.014167 0.010833
Francais12588.binding.spine.tif 0.059633 0.068807 0.011667 0.011667
Francais12588.misc.color.tif 0.016490 0.014134 0.013333 0.011667
