Rosen0396.binding.frontcover.tif 0.026869 0.028037 0.010833 0.008333
Rosen0396.frontmatter.pastedown.tif 0.020556 0.018138 0.019167 0.019167
Rosen0396.frontmatter.flyleaf.01r.tif 0.036861 0.028037 0.020000 0.024167
Rosen0396.frontmatter.flyleaf.01v.tif 0.020556 0.018138 0.019167 0.015000
Rosen0396.A1r.tif 0.014371 0.034731 0.015833 0.015833
Rosen0396.A1v.tif 0.096927 0.030733 0.028333 0.035833
Rosen0396.A2r.tif 0.019093 0.039379 0.015833 0.015833
Rosen0396.A2v.tif 0.090058 0.039766 0.032500 0.030000
Rosen0396.A3r.tif 0.019093 0.051683 0.020833 0.019167
Rosen0396.A3v.tif 0.093051 0.026901 0.036667 0.030000
Rosen0396.A4r.tif 0.024096 0.036145 0.018333 0.016667
Rosen0396.A4v.tif 0.095906 0.033918 0.040833 0.024167
Rosen0396.A5r.tif 0.024096 0.042118 0.018333 0.012500
Rosen0396.A5v.tif 0.113318 0.035047 0.029167 0.034167
Rosen0396.A6r.tif 0.024096 0.049697 0.027500 0.018333
Rosen0396.A6v.tif 0.113450 0.026901 0.021667 0.039167
Rosen0396.A7r.tif 0.024242 0.049244 0.022500 0.018333
Rosen0396.A7v.tif 0.127208 0.017668 0.028333 0.031667
Rosen0396.A8r.tif 0.024096 0.051157 0.016667 0.018333
Rosen0396.A8v.tif 0.144197 0.026901 0.029167 0.043333
Rosen0396.B1r.tif 0.031902 0.060123 0.019167 0.017500
Rosen0396.B1v.tif 0.129870 0.026901 0.027500 0.046667
Rosen0396.B2r.tif 0.045399 0.056442 0.024167 0.029167
Rosen0396.B2v.tif 0.129870 0.026901 0.027500 0.046667
Rosen0396.B3r.tif 0.020656 0.046173 0.016667 0.017500
Rosen0396.B3v.tif 0.129870 0.023502 0.027500 0.042500
Rosen0396.B4r.tif 0.027913 0.057039 0.029167 0.024167
Rosen0396.B4v.tif 0.129870 0.023502 0.021667 0.041667
Rosen0396.B5r.tif 0.021765 0.047158 0.019167 0.011667
Rosen0396.B5v.tif 0.129870 0.027907 0.031667 0.041667
Rosen0396.B6r.tif 0.021765 0.054479 0.019167 0.018333
Rosen0396.B6v.tif 0.139535 0.017442 0.027500 0.040833
Rosen0396.B7r.tif 0.021765 0.054479 0.025000 0.018333
Rosen0396.B7v.tif 0.135041 0.026775 0.025000 0.034167
Rosen0396.B8r.tif 0.021765 0.054479 0.018333 0.018333
Rosen0396.B8v.tif 0.135041 0.026775 0.030000 0.034167
Rosen0396.C1r.tif 0.021765 0.070218 0.031667 0.027500
Rosen0396.C1v.tif 0.135041 0.026775 0.030000 0.040000
Rosen0396.C2r.tif 0.010936 0.060753 0.022500 0.021667
Rosen0396.C2v.tif 0.128205 0.020979 0.030000 0.035833
Rosen0396.C3r.tif 0.015796 0.060753 0.022500 0.021667
Rosen0396.C3v.tif 0.128205 0.029070 0.030000 0.035833
Rosen0396.C4r.tif 0.015796 0.060753 0.022500 0.021667
Rosen0396.C4v.tif 0.128205 0.029070 0.035000 0.035833
Rosen0396.C5r.tif 0.021792 0.052058 0.016667 0.018333
Rosen0396.C5v.tif 0.128205 0.029070 0.035000 0.035833
Rosen0396.C6r.tif 0.021792 0.070303 0.026667 0.018333
Rosen0396.C6v.tif 0.139019 0.029070 0.022500 0.032500
Rosen0396.C7r.tif 0.021792 0.059107 0.015833 0.018333
Rosen0396.C7v.tif 0.115875 0.038239 0.031667 0.032500
Rosen0396.C8r.tif 0.018801 0.081081 0.019167 0.022500
Rosen0396.C8v.tif 0.144019 0.025552 0.025833 0.035833
Rosen0396.D1r.tif 0.032887 0.081081 0.019167 0.014167
Rosen0396.D1v.tif 0.139211 0.033643 0.025833 0.041667
Rosen0396.D2r.tif 0.021583 0.081081 0.028333 0.018333
Rosen0396.D2v.tif 0.127021 0.033643 0.030833 0.033333
Rosen0396.D3r.tif 0.027155 0.075509 0.016667 0.016667
Rosen0396.D3v.tif 0.131243 0.025552 0.030833 0.033333
Rosen0396.D4r.tif 0.027155 0.067857 0.016667 0.012500
Rosen0396.D4v.tif 0.131243 0.025552 0.030833 0.033333
Rosen0396.D5r.tif 0.040428 0.092747 0.030000 0.030000
Rosen0396.D5v.tif 0.131243 0.032184 0.030833 0.031667
Rosen0396.D6r.tif 0.040428 0.068558 0.019167 0.020000
Rosen0396.D6v.tif 0.140553 0.027650 0.028333 0.031667
Rosen0396.D7r.tif 0.027155 0.077922 0.019167 0.013333
Rosen0396.D7v.tif 0.140553 0.027650 0.028333 0.028333
Rosen0396.D8r.tif 0.027155 0.077922 0.019167 0.018333
Rosen0396.D8v.tif 0.148276 0.025287 0.037500 0.024167
Rosen0396.E1r.tif 0.027155 0.077922 0.019167 0.018333
Rosen0396.E1v.tif 0.130081 0.031359 0.033333 0.031667
Rosen0396.E2r.tif 0.027155 0.077922 0.019167 0.018333
Rosen0396.E2v.tif 0.130081 0.031359 0.028333 0.031667
Rosen0396.E3r.tif 0.027155 0.077922 0.019167 0.018333
Rosen0396.E3v.tif 0.130081 0.019722 0.033333 0.031667
Rosen0396.E4r.tif 0.027155 0.077922 0.019167 0.018333
Rosen0396.E4v.tif 0.130081 0.032370 0.033333 0.031667
Rosen0396.E5r.tif 0.027155 0.084507 0.019167 0.018333
Rosen0396.E5v.tif 0.132420 0.036530 0.033333 0.026667
Rosen0396.E6r.tif 0.027155 0.098131 0.019167 0.024167
Rosen0396.E6v.tif 0.132420 0.036530 0.033333 0.026667
Rosen0396.E7r.tif 0.027155 0.098131 0.019167 0.024167
Rosen0396.E7v.tif 0.132420 0.036530 0.033333 0.035000
Rosen0396.E8r.tif 0.027155 0.098131 0.019167 0.024167
Rosen0396.E8v.tif 0.132184 0.034483 0.028333 0.035833
Rosen0396.F1r.tif 0.027155 0.098131 0.021667 0.024167
Rosen0396.F1v.tif 0.135632 0.021839 0.021667 0.030833
Rosen0396.F2r.tif 0.027155 0.106481 0.014167 0.024167
Rosen0396.F2v.tif 0.143349 0.026376 0.021667 0.030833
Rosen0396.F3r.tif 0.027155 0.106481 0.030000 0.024167
Rosen0396.F3v.tif 0.153226 0.026376 0.021667 0.036667
Rosen0396.F4r.tif 0.027155 0.106481 0.019167 0.024167
Rosen0396.F4v.tif 0.153226 0.028703 0.027500 0.032500
Rosen0396.F5r.tif 0.027155 0.106481 0.019167 0.024167
Rosen0396.F5v.tif 0.164571 0.028703 0.027500 0.032500
Rosen0396.F6r.tif 0.027155 0.106481 0.019167 0.024167
Rosen0396.F6v.tif 0.139429 0.029714 0.022500 0.027500
Rosen0396.F7r.tif 0.027155 0.106481 0.019167 0.024167
Rosen0396.F7v.tif 0.139429 0.029714 0.022500 0.027500
Rosen0396.F8r.tif 0.035429 0.106481 0.019167 0.020000
Rosen0396.F8v.tif 0.156214 0.029714 0.022500 0.027500
Rosen0396.G1r.tif 0.015046 0.106481 0.015833 0.024167
Rosen0396.G1v.tif 0.156214 0.035108 0.022500 0.031667
Rosen0396.G2r.tif 0.020619 0.106481 0.015833 0.024167
Rosen0396.G2v.tif 0.156214 0.021689 0.022500 0.031667
Rosen0396.G3r.tif 0.020619 0.106481 0.015833 0.024167
Rosen0396.G3v.tif 0.151203 0.021689 0.025000 0.031667
Rosen0396.G4r.tif 0.020619 0.106481 0.015833 0.024167
Rosen0396.G4v.tif 0.145620 0.021615 0.019167 0.030000
Rosen0396.G5r.tif 0.020619 0.106481 0.015833 0.024167
Rosen0396.G5v.tif 0.145620 0.021615 0.023333 0.025000
Rosen0396.G6r.tif 0.020619 0.106481 0.023333 0.024167
Rosen0396.G6v.tif 0.156682 0.021615 0.023333 0.031667
Rosen0396.G7r.tif 0.011587 0.106481 0.015833 0.024167
Rosen0396.G7v.tif 0.144318 0.039773 0.030833 0.031667
Rosen0396.G8r.tif 0.025581 0.118605 0.032500 0.030000
Rosen0396.G8v.tif 0.160880 0.013889 0.018333 0.038333
Rosen0396.H1r.tif 0.025581 0.118605 0.015000 0.024167
Rosen0396.H1v.tif 0.152000 0.013889 0.023333 0.034167
Rosen0396.H2r.tif 0.022883 0.121303 0.026667 0.020000
Rosen0396.H2v.tif 0.143184 0.013889 0.023333 0.034167
Rosen0396.H3r.tif 0.038724 0.105462 0.015833 0.024167
Rosen0396.H3v.tif 0.143184 0.027586 0.030000 0.034167
Rosen0396.H4r.tif 0.020478 0.119454 0.023333 0.024167
Rosen0396.H4v.tif 0.143184 0.021789 0.024167 0.034167
Rosen0396.H5r.tif 0.020478 0.119454 0.020000 0.024167
Rosen0396.H5v.tif 0.143184 0.026107 0.024167 0.027500
Rosen0396.H6r.tif 0.027586 0.125287 0.029167 0.034167
Rosen0396.H6v.tif 0.143184 0.026107 0.024167 0.027500
Rosen0396.H7r.tif 0.017162 0.115561 0.015833 0.021667
Rosen0396.H7v.tif 0.143184 0.026107 0.024167 0.027500
Rosen0396.H8r.tif 0.017162 0.122007 0.021667 0.029167
Rosen0396.H8v.tif 0.153759 0.026107 0.024167 0.027500
Rosen0396.I1r.tif 0.017162 0.118938 0.015833 0.022500
Rosen0396.I1v.tif 0.153759 0.016988 0.021667 0.027500
Rosen0396.I2r.tif 0.026166 0.118938 0.020000 0.022500
Rosen0396.I2v.tif 0.153759 0.032438 0.021667 0.033333
Rosen0396.I3r.tif 0.032731 0.124153 0.020000 0.022500
Rosen0396.I3v.tif 0.159272 0.014790 0.023333 0.031667
Rosen0396.I4r.tif 0.014891 0.124153 0.020000 0.027500
Rosen0396.I4v.tif 0.151927 0.020408 0.023333 0.031667
Rosen0396.I5r.tif 0.014891 0.124153 0.027500 0.027500
Rosen0396.I5v.tif 0.163265 0.020408 0.020833 0.031667
Rosen0396.I6r.tif 0.027211 0.124153 0.020000 0.032500
Rosen0396.I6v.tif 0.163265 0.020408 0.029167 0.031667
Rosen0396.I7r.tif 0.017084 0.135535 0.020000 0.032500
Rosen0396.I7v.tif 0.153672 0.025989 0.028333 0.031667
Rosen0396.I8r.tif 0.017084 0.126874 0.028333 0.032500
Rosen0396.I8v.tif 0.161916 0.025989 0.032500 0.027500
Rosen0396.K1r.tif 0.027304 0.126874 0.017500 0.021667
Rosen0396.K1v.tif 0.144796 0.035068 0.021667 0.028333
Rosen0396.K2r.tif 0.013857 0.120092 0.025000 0.028333
Rosen0396.K2v.tif 0.144796 0.035068 0.021667 0.028333
Rosen0396.K3r.tif 0.018412 0.124743 0.027500 0.033333
Rosen0396.K3v.tif 0.152637 0.035068 0.021667 0.035000
Rosen0396.K4r.tif 0.029445 0.124743 0.020833 0.025833
Rosen0396.K4v.tif 0.152637 0.020293 0.026667 0.027500
Rosen0396.K5r.tif 0.016166 0.124743 0.020833 0.030000
Rosen0396.K5v.tif 0.152637 0.020293 0.030000 0.027500
Rosen0396.K6r.tif 0.020408 0.124743 0.018333 0.027500
Rosen0396.K6v.tif 0.142058 0.032438 0.015833 0.027500
Rosen0396.K7r.tif 0.020408 0.124743 0.018333 0.027500
Rosen0396.K7v.tif 0.142058 0.029412 0.024167 0.027500
Rosen0396.K8r.tif 0.020408 0.135381 0.018333 0.034167
Rosen0396.K8v.tif 0.145740 0.017937 0.017500 0.019167
Rosen0396.L1r.tif 0.020408 0.135381 0.018333 0.034167
Rosen0396.L1v.tif 0.145740 0.017937 0.025000 0.033333
Rosen0396.L2r.tif 0.025959 0.129830 0.018333 0.034167
Rosen0396.L2v.tif 0.145740 0.017937 0.019167 0.027500
Rosen0396.L3r.tif 0.021739 0.129830 0.024167 0.034167
Rosen0396.L3v.tif 0.145740 0.017937 0.019167 0.027500
Rosen0396.L4r.tif 0.023891 0.127678 0.018333 0.031667
Rosen0396.L4v.tif 0.145740 0.017937 0.019167 0.027500
Rosen0396.L5r.tif 0.020525 0.127678 0.018333 0.031667
Rosen0396.L5v.tif 0.136569 0.034989 0.019167 0.026667
Rosen0396.L6r.tif 0.024083 0.124120 0.021667 0.037500
Rosen0396.L6v.tif 0.145620 0.026166 0.019167 0.026667
Rosen0396.L7r.tif 0.032694 0.134160 0.021667 0.033333
Rosen0396.L7v.tif 0.145620 0.026166 0.019167 0.026667
Rosen0396.L8r.tif 0.026136 0.130682 0.018333 0.031667
Rosen0396.L8v.tif 0.145620 0.034949 0.019167 0.026667
Rosen0396.M1r.tif 0.024859 0.131959 0.018333 0.031667
Rosen0396.M1v.tif 0.145620 0.034949 0.019167 0.026667
Rosen0396.M2r.tif 0.024859 0.131959 0.018333 0.031667
Rosen0396.M2v.tif 0.145620 0.034949 0.019167 0.026667
Rosen0396.M3r.tif 0.032880 0.123938 0.018333 0.031667
Rosen0396.M3v.tif 0.145763 0.027119 0.015833 0.027500
Rosen0396.M4r.tif 0.032880 0.123938 0.018333 0.031667
Rosen0396.M4v.tif 0.151515 0.021367 0.015833 0.027500
Rosen0396.M5r.tif 0.022831 0.133987 0.020000 0.030000
Rosen0396.M5v.tif 0.140292 0.032590 0.016667 0.026666
Rosen0396.M6r.tif 0.027523 0.129295 0.020000 0.036667
Rosen0396.M6v.tif 0.140292 0.032590 0.016667 0.026666
Rosen0396.M7r.tif 0.027523 0.129295 0.020000 0.036667
Rosen0396.M7v.tif 0.145598 0.032590 0.016667 0.030833
Rosen0396.M8r.tif 0.027523 0.129295 0.020000 0.036667
Rosen0396.M8v.tif 0.145598 0.032590 0.013333 0.024167
Rosen0396.N1r.tif 0.027523 0.129295 0.020000 0.036667
Rosen0396.N1v.tif 0.139169 0.032590 0.013333 0.024167
Rosen0396.N2r.tif 0.027523 0.129295 0.020000 0.036667
Rosen0396.N2v.tif 0.143498 0.028261 0.013333 0.024167
Rosen0396.N3r.tif 0.027523 0.129295 0.020000 0.031667
Rosen0396.N3v.tif 0.143498 0.028261 0.013333 0.024167
Rosen0396.N4r.tif 0.027523 0.129295 0.020000 0.031667
Rosen0396.N4v.tif 0.143498 0.028261 0.013333 0.027500
Rosen0396.N5r.tif 0.022883 0.129295 0.020000 0.037500
Rosen0396.N5v.tif 0.143345 0.028414 0.018333 0.022500
Rosen0396.N6r.tif 0.023015 0.129163 0.022500 0.041667
Rosen0396.N6v.tif 0.143345 0.028414 0.018333 0.022500
Rosen0396.N7r.tif 0.023015 0.129163 0.022500 0.037500
Rosen0396.N7v.tif 0.131519 0.028414 0.018333 0.022500
Rosen0396.N8r.tif 0.020785 0.131393 0.023333 0.036667
Rosen0396.N8v.tif 0.131519 0.038549 0.018333 0.022500
Rosen0396.O1r.tif 0.027366 0.141391 0.020000 0.036667
Rosen0396.O1v.tif 0.139797 0.038549 0.018333 0.022500
Rosen0396.O2r.tif 0.027366 0.133787 0.020000 0.031667
Rosen0396.O2v.tif 0.131669 0.037457 0.016667 0.024166
Rosen0396.O3r.tif 0.027366 0.133787 0.020000 0.031667
Rosen0396.O3v.tif 0.127418 0.036405 0.017500 0.023333
Rosen0396.O4r.tif 0.027366 0.133787 0.020000 0.031667
Rosen0396.O4v.tif 0.137970 0.025853 0.017500 0.023333
Rosen0396.O5r.tif 0.027366 0.133787 0.020000 0.031667
Rosen0396.O5v.tif 0.137970 0.025853 0.017500 0.023333
Rosen0396.O6r.tif 0.027366 0.133787 0.020000 0.039167
Rosen0396.O6v.tif 0.137970 0.025853 0.017500 0.023333
Rosen0396.O7r.tif 0.047938 0.156076 0.020000 0.032500
Rosen0396.O7v.tif 0.137970 0.025853 0.017500 0.023333
Rosen0396.O8r.tif 0.027366 0.129989 0.020000 0.032500
Rosen0396.O8v.tif 0.135074 0.028749 0.020000 0.020833
Rosen0396.P1r.tif 0.027366 0.129989 0.020000 0.027500
Rosen0396.P1v.tif 0.130682 0.033141 0.016667 0.017500
Rosen0396.P2r.tif 0.027366 0.129989 0.020000 0.027500
Rosen0396.P2v.tif 0.130682 0.039326 0.016667 0.017500
Rosen0396.P3r.tif 0.025200 0.132155 0.015000 0.032500
Rosen0396.P3v.tif 0.127684 0.028249 0.017500 0.020000
Rosen0396.P4r.tif 0.035068 0.132155 0.026667 0.032500
Rosen0396.P4v.tif 0.127684 0.028249 0.017500 0.020000
Rosen0396.P5r.tif 0.035068 0.132155 0.022500 0.031667
Rosen0396.P5v.tif 0.127684 0.028249 0.017500 0.020000
Rosen0396.P6r.tif 0.024027 0.129291 0.024167 0.031667
Rosen0396.P6v.tif 0.134160 0.034949 0.017500 0.020000
Rosen0396.P7r.tif 0.030963 0.129291 0.024167 0.031667
Rosen0396.P7v.tif 0.139665 0.020112 0.022500 0.020000
Rosen0396.P8r.tif 0.030963 0.129291 0.024167 0.031667
Rosen0396.P8v.tif 0.139665 0.025584 0.022500 0.020000
Rosen0396.Q1r.tif 0.030963 0.144318 0.019167 0.031667
Rosen0396.Q1v.tif 0.129464 0.033482 0.018333 0.020000
Rosen0396.Q2r.tif 0.030963 0.128293 0.028333 0.031667
Rosen0396.Q2v.tif 0.122358 0.033482 0.018333 0.014167
Rosen0396.Q3r.tif 0.030963 0.128293 0.026667 0.031667
Rosen0396.Q3v.tif 0.122358 0.033482 0.018333 0.021667
Rosen0396.Q4r.tif 0.030963 0.128293 0.031667 0.042500
Rosen0396.Q4v.tif 0.122358 0.033482 0.018333 0.010000
Rosen0396.Q5r.tif 0.022016 0.128293 0.026667 0.042500
Rosen0396.Q5v.tif 0.122358 0.033482 0.018333 0.020000
Rosen0396.Q6r.tif 0.032184 0.118125 0.026667 0.038333
Rosen0396.Q6v.tif 0.111483 0.044357 0.021667 0.016666
Rosen0396.Q7r.tif 0.032184 0.127708 0.026667 0.038333
Rosen0396.Q7v.tif 0.103371 0.052469 0.019167 0.019166
Rosen0396.Q8r.tif 0.032184 0.122847 0.026667 0.038333
Rosen0396.Q8v.tif 0.114607 0.043820 0.019167 0.019166
Rosen0396.R1r.tif 0.026744 0.122847 0.026667 0.038333
Rosen0396.R1v.tif 0.113459 0.027809 0.019167 0.019166
Rosen0396.R2r.tif 0.026590 0.123001 0.028333 0.036667
Rosen0396.R2v.tif 0.104730 0.036538 0.016667 0.021666
Rosen0396.R3r.tif 0.031106 0.118485 0.033333 0.036667
Rosen0396.R3v.tif 0.106742 0.034526 0.022500 0.018333
Rosen0396.R4r.tif 0.031106 0.118485 0.033333 0.043333
Rosen0396.R4v.tif 0.109131 0.036591 0.015000 0.014167
Rosen0396.R5r.tif 0.035797 0.113794 0.028333 0.040000
Rosen0396.R5v.tif 0.106383 0.039339 0.020833 0.013333
Rosen0396.R6r.tif 0.030058 0.119533 0.019167 0.037500
Rosen0396.R6v.tif 0.112472 0.033250 0.013333 0.020833
Rosen0396.R7r.tif 0.030127 0.119464 0.030000 0.045833
Rosen0396.R7v.tif 0.113483 0.032239 0.014167 0.019999
Rosen0396.R8r.tif 0.030127 0.108265 0.030000 0.038333
Rosen0396.R8v.tif 0.119420 0.026302 0.020000 0.014166
Rosen0396.S1r.tif 0.023283 0.115109 0.028333 0.040000
Rosen0396.S1v.tif 0.099548 0.037330 0.020000 0.014166
Rosen0396.S2r.tif 0.032407 0.105985 0.028333 0.040000
Rosen0396.S2v.tif 0.101124 0.035754 0.017500 0.016666
Rosen0396.S3r.tif 0.032407 0.105985 0.028333 0.040000
Rosen0396.S3v.tif 0.101124 0.035754 0.017500 0.016666
Rosen0396.S4r.tif 0.035632 0.111494 0.026667 0.041666
Rosen0396.S4v.tif 0.101124 0.035754 0.017500 0.016666
Rosen0396.S5r.tif 0.040462 0.106664 0.026667 0.041666
Rosen0396.S5v.tif 0.101124 0.035754 0.017500 0.016666
Rosen0396.S6r.tif 0.040462 0.106664 0.026667 0.041666
Rosen0396.S6v.tif 0.101124 0.035754 0.017500 0.016666
Rosen0396.S7r.tif 0.040462 0.106664 0.026667 0.041666
Rosen0396.S7v.tif 0.101124 0.035754 0.017500 0.016666
Rosen0396.S8r.tif 0.040462 0.106664 0.026667 0.041666
Rosen0396.S8v.tif 0.101124 0.035754 0.017500 0.016666
Rosen0396.T1r.tif 0.039581 0.107545 0.026667 0.041666
Rosen0396.T1v.tif 0.101124 0.035754 0.017500 0.016666
Rosen0396.T2r.tif 0.032672 0.114454 0.026667 0.039167
Rosen0396.T2v.tif 0.091422 0.035754 0.017500 0.016666
Rosen0396.T3r.tif 0.039261 0.107865 0.025000 0.040834
Rosen0396.T3v.tif 0.091422 0.035754 0.017500 0.016666
Rosen0396.T4r.tif 0.041032 0.089097 0.031667 0.034167
Rosen0396.T4v.tif 0.110360 0.016816 0.025000 0.017499
Rosen0396.T5r.tif 0.041032 0.089097 0.031667 0.034167
Rosen0396.T5v.tif 0.091319 0.035857 0.017500 0.015000
Rosen0396.T6r.tif 0.041032 0.089097 0.031667 0.034167
Rosen0396.T6v.tif 0.091319 0.035857 0.017500 0.015000
Rosen0396.endmatter.flyleaf.01r.tif 0.041032 0.089097 0.031667 0.034167
Rosen0396.endmatter.flyleaf.01v.tif 0.100000 0.027176 0.017500 0.015000
Rosen0396.endmatter.flyleaf.02r.tif 0.033058 0.054309 0.031667 0.030001
Rosen0396.endmatter.flyleaf.02v.tif 0.077615 0.038245 0.019167 0.015833
Rosen0396.endmatter.pastedown.tif 0.029412 0.047367 0.030833 0.030835
Rosen0396.binding.backcover.tif 0.017361 0.020833 0.008333 0.011667
Rosen0396.binding.spine.tif 0.183575 0.140097 0.019167 0.014167
