RylandsFrench66.binding.frontcover.tif 0.087778 0.060000 0.029167 0.074167
RylandsFrench66.frontmatter.pastedown.tif 0.106308 0.000000 0.020833 0.096667
RylandsFrench66.frontmatter.flyleaf.01r.tif 0.092121 0.030303 0.030833 0.113333
RylandsFrench66.frontmatter.flyleaf.01v.tif 0.086449 0.022196 0.025000 0.094167
RylandsFrench66.frontmatter.flyleaf.02r.tif 0.104242 0.030303 0.031667 0.111667
RylandsFrench66.frontmatter.flyleaf.02v.tif 0.086449 0.022196 0.025000 0.094167
RylandsFrench66.frontmatter.flyleaf.03r.tif 0.107879 0.030303 0.030000 0.115000
RylandsFrench66.frontmatter.flyleaf.03v.tif 0.086449 0.022196 0.025000 0.094167
RylandsFrench66.001r.tif 0.101818 0.030303 0.034167 0.116667
RylandsFrench66.001v.tif 0.073598 0.028037 0.025833 0.088333
RylandsFrench66.002r.tif 0.115152 0.030303 0.036667 0.112500
RylandsFrench66.002v.tif 0.033879 0.074766 0.015833 0.098333
RylandsFrench66.003r.tif 0.115152 0.030303 0.025833 0.111667
RylandsFrench66.003v.tif 0.014019 0.070093 0.018333 0.095000
RylandsFrench66.004r.tif 0.104242 0.030303 0.025833 0.110000
RylandsFrench66.004v.tif 0.031542 0.061916 0.000000 0.115833
RylandsFrench66.005r.tif 0.109091 0.020606 0.027500 0.110000
RylandsFrench66.005v.tif 0.029206 0.074766 0.000000 0.114167
RylandsFrench66.006r.tif 0.107879 0.020606 0.032500 0.107500
RylandsFrench66.006v.tif 0.011682 0.093458 0.004167 0.110000
RylandsFrench66.007r.tif 0.107879 0.029091 0.032500 0.107500
RylandsFrench66.007v.tif 0.060748 0.045561 0.004167 0.110000
RylandsFrench66.008r.tif 0.107879 0.024242 0.030000 0.105833
RylandsFrench66.008v.tif 0.050234 0.056075 0.003333 0.110000
RylandsFrench66.009r.tif 0.107879 0.020606 0.030000 0.107500
RylandsFrench66.009v.tif 0.037383 0.066589 0.005000 0.107500
RylandsFrench66.010r.tif 0.117576 0.020606 0.031667 0.104167
RylandsFrench66.010v.tif 0.037383 0.066589 0.005000 0.107500
RylandsFrench66.011r.tif 0.122424 0.019394 0.034167 0.100833
RylandsFrench66.011v.tif 0.037383 0.036215 0.010833 0.088333
RylandsFrench66.012r.tif 0.106667 0.019394 0.034167 0.098333
RylandsFrench66.012v.tif 0.073598 0.031542 0.009167 0.112500
RylandsFrench66.013r.tif 0.115152 0.016970 0.030000 0.103333
RylandsFrench66.013v.tif 0.061916 0.044393 0.030000 0.090833
RylandsFrench66.014r.tif 0.113939 0.019394 0.032500 0.101667
RylandsFrench66.014v.tif 0.061916 0.043224 0.035000 0.090833
RylandsFrench66.015r.tif 0.116364 0.021818 0.034167 0.099167
RylandsFrench66.015v.tif 0.061916 0.043224 0.034167 0.091667
RylandsFrench66.016r.tif 0.094545 0.021818 0.039167 0.097500
RylandsFrench66.016v.tif 0.061916 0.039720 0.029167 0.090833
RylandsFrench66.017r.tif 0.098182 0.021818 0.039167 0.095833
RylandsFrench66.017v.tif 0.063084 0.040888 0.030000 0.090833
RylandsFrench66.018r.tif 0.092121 0.021818 0.039167 0.095000
RylandsFrench66.018v.tif 0.063084 0.040888 0.030000 0.090833
RylandsFrench66.019r.tif 0.099394 0.021818 0.039167 0.095000
RylandsFrench66.019v.tif 0.063084 0.036215 0.032500 0.090833
RylandsFrench66.020r.tif 0.099394 0.021818 0.039167 0.095000
RylandsFrench66.020v.tif 0.063084 0.039720 0.032500 0.090833
RylandsFrench66.021r.tif 0.094545 0.021818 0.039167 0.098333
RylandsFrench66.021v.tif 0.061916 0.039720 0.032500 0.089167
RylandsFrench66.022r.tif 0.099394 0.021818 0.041667 0.098333
RylandsFrench66.022v.tif 0.053738 0.042056 0.028333 0.089167
RylandsFrench66.023r.tif 0.099394 0.016970 0.035833 0.099167
RylandsFrench66.023v.tif 0.051402 0.042056 0.030000 0.085833
RylandsFrench66.024r.tif 0.099394 0.018182 0.033333 0.100000
RylandsFrench66.024v.tif 0.050234 0.042056 0.029167 0.085833
RylandsFrench66.025r.tif 0.099394 0.020606 0.035833 0.100000
RylandsFrench66.025v.tif 0.047897 0.047897 0.030833 0.085833
RylandsFrench66.026r.tif 0.099394 0.016970 0.036667 0.099167
RylandsFrench66.026v.tif 0.045561 0.040888 0.030833 0.085833
RylandsFrench66.027r.tif 0.099394 0.016970 0.038333 0.099167
RylandsFrench66.027v.tif 0.037383 0.054907 0.032500 0.085833
RylandsFrench66.028r.tif 0.099394 0.016970 0.038333 0.098333
RylandsFrench66.028v.tif 0.022196 0.072430 0.025833 0.095000
RylandsFrench66.029r.tif 0.099394 0.013333 0.037500 0.099167
RylandsFrench66.029v.tif 0.021028 0.068925 0.027500 0.095833
RylandsFrench66.030r.tif 0.099394 0.014545 0.037500 0.097500
RylandsFrench66.030v.tif 0.052570 0.043224 0.031667 0.090000
RylandsFrench66.031r.tif 0.099394 0.014545 0.038333 0.097500
RylandsFrench66.031v.tif 0.045561 0.043224 0.031667 0.091667
RylandsFrench66.032r.tif 0.094545 0.014545 0.038333 0.097500
RylandsFrench66.032v.tif 0.025701 0.064252 0.030833 0.084167
RylandsFrench66.033r.tif 0.096970 0.010909 0.039167 0.096667
RylandsFrench66.033v.tif 0.038551 0.049065 0.031667 0.091667
RylandsFrench66.034r.tif 0.096970 0.010909 0.039167 0.096667
RylandsFrench66.034v.tif 0.056075 0.028037 0.030000 0.093333
RylandsFrench66.035r.tif 0.096970 0.016970 0.045000 0.093333
RylandsFrench66.035v.tif 0.059579 0.025701 0.025833 0.093333
RylandsFrench66.036r.tif 0.094545 0.014545 0.044167 0.094167
RylandsFrench66.036v.tif 0.046729 0.038551 0.027500 0.094167
RylandsFrench66.037r.tif 0.095758 0.019394 0.044167 0.094167
RylandsFrench66.037v.tif 0.043224 0.039720 0.026667 0.095000
RylandsFrench66.038r.tif 0.089697 0.016970 0.044167 0.094167
RylandsFrench66.038v.tif 0.035047 0.047897 0.028333 0.091667
RylandsFrench66.039r.tif 0.098182 0.016970 0.043333 0.094167
RylandsFrench66.039v.tif 0.017523 0.061916 0.026667 0.092500
RylandsFrench66.040r.tif 0.093333 0.015758 0.043333 0.094167
RylandsFrench66.040v.tif 0.004673 0.072430 0.025000 0.090833
RylandsFrench66.041r.tif 0.087273 0.012121 0.043333 0.091667
RylandsFrench66.041v.tif 0.001168 0.084112 0.030000 0.087500
RylandsFrench66.042r.tif 0.081212 0.012121 0.046667 0.086667
RylandsFrench66.042v.tif 0.036105 0.106127 0.017500 0.101667
RylandsFrench66.043r.tif 0.081212 0.010909 0.045000 0.087500
RylandsFrench66.043v.tif 0.040888 0.033879 0.035833 0.081667
RylandsFrench66.044r.tif 0.081212 0.010909 0.045000 0.084167
RylandsFrench66.044v.tif 0.049065 0.033879 0.016667 0.109167
RylandsFrench66.045r.tif 0.081212 0.010909 0.046667 0.085833
RylandsFrench66.045v.tif 0.061916 0.014019 0.010833 0.109167
RylandsFrench66.046r.tif 0.105023 0.036530 0.017500 0.105833
RylandsFrench66.046v.tif 0.061916 0.015187 0.012500 0.109167
RylandsFrench66.047r.tif 0.102740 0.036530 0.017500 0.108333
RylandsFrench66.047v.tif 0.059579 0.017523 0.012500 0.110000
RylandsFrench66.048r.tif 0.102740 0.038813 0.017500 0.106667
RylandsFrench66.048v.tif 0.061916 0.017523 0.015000 0.107500
RylandsFrench66.049r.tif 0.102740 0.038813 0.017500 0.106667
RylandsFrench66.049v.tif 0.051402 0.026869 0.015000 0.108333
RylandsFrench66.050r.tif 0.100457 0.041096 0.020833 0.105833
RylandsFrench66.050v.tif 0.045561 0.042056 0.019167 0.107500
RylandsFrench66.051r.tif 0.099315 0.044521 0.029167 0.101667
RylandsFrench66.051v.tif 0.049065 0.037383 0.019167 0.107500
RylandsFrench66.052r.tif 0.116438 0.043379 0.024167 0.105000
RylandsFrench66.052v.tif 0.043224 0.043224 0.021667 0.107500
RylandsFrench66.053r.tif 0.093607 0.043379 0.026667 0.102500
RylandsFrench66.053v.tif 0.037383 0.045561 0.023333 0.104167
RylandsFrench66.054r.tif 0.106164 0.047945 0.027500 0.102500
RylandsFrench66.054v.tif 0.012850 0.056075 0.025000 0.095833
RylandsFrench66.055r.tif 0.103881 0.036530 0.016667 0.108333
RylandsFrench66.055v.tif 0.022196 0.059579 0.034167 0.091667
RylandsFrench66.056r.tif 0.103881 0.038813 0.015833 0.109167
RylandsFrench66.056v.tif 0.057243 0.014019 0.023333 0.102500
RylandsFrench66.057r.tif 0.095890 0.038813 0.015833 0.109167
RylandsFrench66.057v.tif 0.053738 0.025701 0.030833 0.095833
RylandsFrench66.058r.tif 0.097032 0.038813 0.015833 0.109167
RylandsFrench66.058v.tif 0.045561 0.032710 0.030833 0.095000
RylandsFrench66.059r.tif 0.094749 0.042237 0.022500 0.107500
RylandsFrench66.059v.tif 0.043224 0.033879 0.032500 0.093333
RylandsFrench66.060r.tif 0.094749 0.046804 0.022500 0.106667
RylandsFrench66.060v.tif 0.042056 0.029206 0.025833 0.096667
RylandsFrench66.061r.tif 0.099315 0.045662 0.022500 0.105000
RylandsFrench66.061v.tif 0.037383 0.029206 0.028333 0.098333
RylandsFrench66.062r.tif 0.099315 0.045662 0.021667 0.106667
RylandsFrench66.062v.tif 0.032710 0.032710 0.027500 0.095833
RylandsFrench66.063r.tif 0.102740 0.049087 0.022500 0.105833
RylandsFrench66.063v.tif 0.029206 0.037383 0.027500 0.095833
RylandsFrench66.064r.tif 0.102740 0.044521 0.022500 0.108333
RylandsFrench66.064v.tif 0.028037 0.039720 0.030833 0.095833
RylandsFrench66.065r.tif 0.091324 0.049087 0.025000 0.105000
RylandsFrench66.065v.tif 0.047897 0.016355 0.027500 0.095833
RylandsFrench66.066r.tif 0.091324 0.041096 0.026667 0.104167
RylandsFrench66.066v.tif 0.035047 0.026869 0.036667 0.094167
RylandsFrench66.067r.tif 0.091324 0.041096 0.026667 0.104167
RylandsFrench66.067v.tif 0.037383 0.031542 0.036667 0.090833
RylandsFrench66.068r.tif 0.090183 0.041096 0.026667 0.103333
RylandsFrench66.068v.tif 0.031542 0.036215 0.038333 0.089167
RylandsFrench66.069r.tif 0.097032 0.039954 0.027500 0.103333
RylandsFrench66.069v.tif 0.028037 0.042056 0.040000 0.086667
RylandsFrench66.070r.tif 0.097032 0.042237 0.027500 0.103333
RylandsFrench66.070v.tif 0.025701 0.042056 0.041667 0.086667
RylandsFrench66.071r.tif 0.090183 0.041096 0.028333 0.103333
RylandsFrench66.071v.tif 0.023364 0.043224 0.041667 0.085000
RylandsFrench66.072r.tif 0.090183 0.042237 0.028333 0.103333
RylandsFrench66.072v.tif 0.028037 0.036215 0.043333 0.083333
RylandsFrench66.073r.tif 0.094749 0.042237 0.031667 0.096667
RylandsFrench66.073v.tif 0.031542 0.026869 0.027500 0.094167
RylandsFrench66.074r.tif 0.094749 0.044521 0.032500 0.096667
RylandsFrench66.074v.tif 0.022196 0.035047 0.026667 0.095000
RylandsFrench66.075r.tif 0.094749 0.045662 0.035000 0.097500
RylandsFrench66.075v.tif 0.035047 0.026869 0.026667 0.095833
RylandsFrench66.076r.tif 0.087900 0.041096 0.037500 0.093333
RylandsFrench66.076v.tif 0.024533 0.030374 0.028333 0.095000
RylandsFrench66.077r.tif 0.099315 0.028539 0.019167 0.105000
RylandsFrench66.077v.tif 0.018692 0.037383 0.028333 0.096667
RylandsFrench66.078r.tif 0.090183 0.034247 0.023333 0.100833
RylandsFrench66.078v.tif 0.030374 0.030374 0.037500 0.087500
RylandsFrench66.079r.tif 0.091324 0.034247 0.024167 0.099167
RylandsFrench66.079v.tif 0.030374 0.032710 0.035833 0.088333
RylandsFrench66.080r.tif 0.095890 0.033105 0.025000 0.099167
RylandsFrench66.080v.tif 0.011682 0.049065 0.035833 0.087500
RylandsFrench66.081r.tif 0.095890 0.033105 0.024167 0.098333
RylandsFrench66.081v.tif 0.018692 0.042056 0.035833 0.089167
RylandsFrench66.082r.tif 0.093607 0.041096 0.025000 0.103333
RylandsFrench66.082v.tif 0.028037 0.028037 0.033333 0.089167
RylandsFrench66.083r.tif 0.082192 0.042237 0.025000 0.103333
RylandsFrench66.083v.tif 0.025701 0.032710 0.036667 0.090000
RylandsFrench66.084r.tif 0.095890 0.033105 0.025000 0.099167
RylandsFrench66.084v.tif 0.035047 0.014019 0.034167 0.089167
RylandsFrench66.085r.tif 0.079909 0.036530 0.025833 0.102500
RylandsFrench66.085v.tif 0.035047 0.014019 0.037500 0.088333
RylandsFrench66.086r.tif 0.069635 0.035388 0.026667 0.099167
RylandsFrench66.086v.tif 0.025701 0.021028 0.035000 0.090000
RylandsFrench66.087r.tif 0.069635 0.034247 0.027500 0.097500
RylandsFrench66.087v.tif 0.017523 0.030374 0.038333 0.085833
RylandsFrench66.088r.tif 0.077626 0.038813 0.027500 0.100833
RylandsFrench66.088v.tif 0.033879 0.019860 0.037500 0.086667
RylandsFrench66.089r.tif 0.090183 0.015982 0.032500 0.092500
RylandsFrench66.089v.tif 0.017523 0.035047 0.040833 0.082500
RylandsFrench66.090r.tif 0.097032 0.007991 0.036667 0.095833
RylandsFrench66.090v.tif 0.021028 0.029206 0.040000 0.085833
RylandsFrench66.091r.tif 0.097032 0.015982 0.030833 0.095833
RylandsFrench66.091v.tif 0.021028 0.025701 0.020833 0.103333
RylandsFrench66.092r.tif 0.093607 0.017123 0.034167 0.095833
RylandsFrench66.092v.tif 0.024533 0.025701 0.022500 0.099167
RylandsFrench66.093r.tif 0.093607 0.019406 0.034167 0.094167
RylandsFrench66.093v.tif 0.025701 0.019860 0.023333 0.095833
RylandsFrench66.094r.tif 0.093607 0.015982 0.036667 0.089167
RylandsFrench66.094v.tif 0.019860 0.023364 0.027500 0.100000
RylandsFrench66.095r.tif 0.097032 0.014840 0.035833 0.090833
RylandsFrench66.095v.tif 0.024533 0.018692 0.025833 0.100833
RylandsFrench66.096r.tif 0.095890 0.009132 0.036667 0.090000
RylandsFrench66.096v.tif 0.015187 0.025701 0.028333 0.099167
RylandsFrench66.097r.tif 0.095890 0.013699 0.035833 0.088333
RylandsFrench66.097v.tif 0.019860 0.019860 0.028333 0.100000
RylandsFrench66.098r.tif 0.095890 0.017123 0.035833 0.094167
RylandsFrench66.098v.tif 0.019860 0.019860 0.026667 0.100000
RylandsFrench66.099r.tif 0.099315 0.012557 0.040000 0.086667
RylandsFrench66.099v.tif 0.019860 0.016355 0.028333 0.098333
RylandsFrench66.100r.tif 0.099315 0.012557 0.040000 0.083333
RylandsFrench66.100v.tif 0.018692 0.018692 0.030000 0.096667
RylandsFrench66.101r.tif 0.101598 0.012557 0.040000 0.083333
RylandsFrench66.101v.tif 0.021028 0.018692 0.028333 0.098333
RylandsFrench66.102r.tif 0.105023 0.011416 0.040000 0.082500
RylandsFrench66.102v.tif 0.017523 0.019860 0.029167 0.097500
RylandsFrench66.103r.tif 0.105023 0.011416 0.042500 0.084167
RylandsFrench66.103v.tif 0.017523 0.019860 0.029167 0.097500
RylandsFrench66.104r.tif 0.105023 0.011416 0.044167 0.084167
RylandsFrench66.104v.tif 0.010514 0.025701 0.029167 0.096667
RylandsFrench66.105r.tif 0.108447 0.005708 0.044167 0.083333
RylandsFrench66.105v.tif 0.033879 0.000000 0.028333 0.093333
RylandsFrench66.106r.tif 0.108447 0.005708 0.045000 0.082500
RylandsFrench66.106v.tif 0.032710 0.000000 0.026667 0.095000
RylandsFrench66.107r.tif 0.109589 0.002283 0.044167 0.084167
RylandsFrench66.107v.tif 0.032710 0.000000 0.027500 0.092500
RylandsFrench66.108r.tif 0.111872 0.000000 0.047500 0.080833
RylandsFrench66.108v.tif 0.028037 0.002336 0.027500 0.093333
RylandsFrench66.109r.tif 0.111872 0.000000 0.047500 0.080833
RylandsFrench66.109v.tif 0.009346 0.016355 0.029167 0.090833
RylandsFrench66.110r.tif 0.113014 0.000000 0.047500 0.080833
RylandsFrench66.110v.tif 0.003505 0.018692 0.025833 0.093333
RylandsFrench66.111r.tif 0.115297 0.000000 0.047500 0.080833
RylandsFrench66.111v.tif 0.007009 0.012850 0.025833 0.091667
RylandsFrench66.112r.tif 0.115297 0.000000 0.046667 0.080000
RylandsFrench66.112v.tif 0.002336 0.016355 0.025833 0.090833
RylandsFrench66.113r.tif 0.115297 0.000000 0.049167 0.077500
RylandsFrench66.113v.tif 0.008178 0.007009 0.025833 0.090833
RylandsFrench66.114r.tif 0.118721 0.000000 0.053333 0.078333
RylandsFrench66.114v.tif 0.011682 0.015187 0.022500 0.099167
RylandsFrench66.115r.tif 0.066210 0.046804 0.053333 0.076667
RylandsFrench66.115v.tif 0.042056 0.002336 0.015833 0.098333
RylandsFrench66.116r.tif 0.090183 0.019406 0.055000 0.074167
RylandsFrench66.116v.tif 0.038551 0.025701 0.017500 0.090000
RylandsFrench66.117r.tif 0.102740 0.013699 0.051667 0.078333
RylandsFrench66.117v.tif 0.019860 0.032710 0.018333 0.095833
RylandsFrench66.118r.tif 0.093607 0.026256 0.054167 0.073333
RylandsFrench66.118v.tif 0.015187 0.028037 0.018333 0.093333
RylandsFrench66.119r.tif 0.095890 0.026256 0.055833 0.075000
RylandsFrench66.119v.tif 0.015187 0.023364 0.019167 0.090000
RylandsFrench66.120r.tif 0.078767 0.042237 0.054167 0.075000
RylandsFrench66.120v.tif 0.016355 0.028037 0.022500 0.086667
RylandsFrench66.121r.tif 0.100457 0.021689 0.054167 0.075000
RylandsFrench66.121v.tif 0.007009 0.018692 0.018333 0.087500
RylandsFrench66.122r.tif 0.094749 0.028539 0.055833 0.074167
RylandsFrench66.122v.tif 0.007009 0.017523 0.020000 0.085833
RylandsFrench66.123r.tif 0.102740 0.021689 0.049167 0.082500
RylandsFrench66.123v.tif 0.011682 0.009346 0.020000 0.081667
RylandsFrench66.124r.tif 0.092466 0.034247 0.049167 0.082500
RylandsFrench66.124v.tif 0.022196 0.025701 0.025833 0.094167
RylandsFrench66.125r.tif 0.102740 0.021689 0.048333 0.082500
RylandsFrench66.125v.tif 0.024533 0.023364 0.025833 0.090000
RylandsFrench66.126r.tif 0.108447 0.021689 0.050000 0.082500
RylandsFrench66.126v.tif 0.031542 0.019860 0.020833 0.096667
RylandsFrench66.127r.tif 0.082192 0.047945 0.050000 0.082500
RylandsFrench66.127v.tif 0.026869 0.023364 0.020000 0.097500
RylandsFrench66.128r.tif 0.082192 0.047945 0.050000 0.082500
RylandsFrench66.128v.tif 0.022196 0.018692 0.020000 0.103333
RylandsFrench66.129r.tif 0.082192 0.047945 0.050000 0.082500
RylandsFrench66.129v.tif 0.018692 0.021028 0.017500 0.098333
RylandsFrench66.130r.tif 0.119863 0.010274 0.048333 0.082500
RylandsFrench66.130v.tif 0.016355 0.021028 0.015833 0.098333
RylandsFrench66.131r.tif 0.084475 0.045662 0.049167 0.080833
RylandsFrench66.131v.tif 0.007009 0.023364 0.014167 0.097500
RylandsFrench66.132r.tif 0.089041 0.042237 0.049167 0.080833
RylandsFrench66.132v.tif 0.025701 0.032710 0.020000 0.099167
RylandsFrench66.133r.tif 0.109589 0.023973 0.049167 0.080833
RylandsFrench66.133v.tif 0.021028 0.031542 0.019167 0.100000
RylandsFrench66.134r.tif 0.119863 0.011416 0.049167 0.080833
RylandsFrench66.134v.tif 0.018692 0.029206 0.017500 0.100833
RylandsFrench66.135r.tif 0.090183 0.042237 0.050000 0.081667
RylandsFrench66.135v.tif 0.017523 0.032710 0.019167 0.100833
RylandsFrench66.136r.tif 0.103881 0.029680 0.050833 0.081667
RylandsFrench66.136v.tif 0.017523 0.032710 0.019167 0.100833
RylandsFrench66.137r.tif 0.095890 0.041096 0.050833 0.081667
RylandsFrench66.137v.tif 0.037383 0.007009 0.017500 0.103333
RylandsFrench66.138r.tif 0.087900 0.051370 0.050833 0.081667
RylandsFrench66.138v.tif 0.037383 0.025701 0.017500 0.101667
RylandsFrench66.139r.tif 0.097032 0.038813 0.050833 0.081667
RylandsFrench66.139v.tif 0.032710 0.017523 0.017500 0.100833
RylandsFrench66.140r.tif 0.089041 0.049087 0.048333 0.083333
RylandsFrench66.140v.tif 0.033879 0.024532 0.019167 0.099167
RylandsFrench66.141r.tif 0.095890 0.039954 0.050833 0.082500
RylandsFrench66.141v.tif 0.030374 0.019860 0.019167 0.097500
RylandsFrench66.142r.tif 0.103881 0.035388 0.050833 0.082500
RylandsFrench66.142v.tif 0.030374 0.024533 0.020833 0.099167
RylandsFrench66.143r.tif 0.111872 0.027397 0.050000 0.081667
RylandsFrench66.143v.tif 0.032710 0.019860 0.020833 0.099167
RylandsFrench66.144r.tif 0.102740 0.037671 0.050000 0.081667
RylandsFrench66.144v.tif 0.023364 0.021028 0.015833 0.100000
RylandsFrench66.145r.tif 0.118721 0.020548 0.053333 0.080833
RylandsFrench66.145v.tif 0.016355 0.008178 0.010833 0.098333
RylandsFrench66.146r.tif 0.125571 0.015982 0.052500 0.080833
RylandsFrench66.146v.tif 0.024533 0.011682 0.012500 0.099167
RylandsFrench66.147r.tif 0.106164 0.021689 0.035000 0.090833
RylandsFrench66.147v.tif 0.021028 0.022196 0.015833 0.097500
RylandsFrench66.148r.tif 0.149675 0.036876 0.035000 0.087500
RylandsFrench66.148v.tif 0.021028 0.021028 0.020000 0.096667
RylandsFrench66.149r.tif 0.109589 0.022196 0.035833 0.090000
RylandsFrench66.149v.tif 0.026869 0.039720 0.025000 0.097500
RylandsFrench66.150r.tif 0.118721 0.022831 0.034167 0.097500
RylandsFrench66.150v.tif 0.023364 0.035047 0.024167 0.097500
RylandsFrench66.151r.tif 0.118721 0.022831 0.036667 0.097500
RylandsFrench66.151v.tif 0.049288 0.082147 0.015000 0.067500
RylandsFrench66.152r.tif 0.086758 0.055936 0.035000 0.097500
RylandsFrench66.152v.tif 0.021028 0.033879 0.024167 0.097500
RylandsFrench66.153r.tif 0.092466 0.051370 0.034167 0.097500
RylandsFrench66.153v.tif 0.021028 0.043224 0.024167 0.097500
RylandsFrench66.154r.tif 0.098174 0.047945 0.035833 0.097500
RylandsFrench66.154v.tif 0.010514 0.040888 0.021667 0.097500
RylandsFrench66.155r.tif 0.098174 0.047945 0.034167 0.097500
RylandsFrench66.155v.tif 0.025701 0.032710 0.021667 0.100833
RylandsFrench66.156r.tif 0.111872 0.033105 0.035833 0.097500
RylandsFrench66.156v.tif 0.016355 0.038551 0.020000 0.099167
RylandsFrench66.157r.tif 0.127854 0.013699 0.035833 0.093333
RylandsFrench66.157v.tif 0.025701 0.052570 0.029167 0.096667
RylandsFrench66.158r.tif 0.106164 0.017123 0.034167 0.083333
RylandsFrench66.158v.tif 0.022196 0.050234 0.028333 0.096667
RylandsFrench66.159r.tif 0.153595 0.008715 0.033333 0.084167
RylandsFrench66.159v.tif 0.019860 0.053738 0.027500 0.096667
RylandsFrench66.160r.tif 0.124722 0.035635 0.015000 0.111667
RylandsFrench66.160v.tif 0.019860 0.057243 0.027500 0.095000
RylandsFrench66.161r.tif 0.124722 0.021689 0.023333 0.101667
RylandsFrench66.161v.tif 0.017523 0.057243 0.030000 0.093333
RylandsFrench66.162r.tif 0.103881 0.033105 0.025000 0.097500
RylandsFrench66.162v.tif 0.026869 0.067757 0.030000 0.088333
RylandsFrench66.163r.tif 0.109589 0.035388 0.025000 0.100000
RylandsFrench66.163v.tif 0.022196 0.067757 0.019167 0.082500
RylandsFrench66.endmatter.flyleaf.01r.tif 0.171397 0.012009 0.015833 0.102500
RylandsFrench66.endmatter.flyleaf.01v.tif 0.014019 0.071262 0.015000 0.080000
RylandsFrench66.endmatter.flyleaf.02r.tif 0.123557 0.016166 0.019167 0.102500
RylandsFrench66.endmatter.flyleaf.02v.tif 0.011682 0.078271 0.025833 0.078333
RylandsFrench66.endmatter.flyleaf.03r.tif 0.175190 0.005441 0.026667 0.051667
RylandsFrench66.endmatter.flyleaf.03v.tif 0.011682 0.068925 0.033333 0.078333
RylandsFrench66.endmatter.pastedown.tif 0.168874 0.011038 0.017500 0.103333
RylandsFrench66.binding.backcover.tif 0.092222 0.047778 0.030833 0.068333
