AugsburgI423.binding.frontcover.tif 0.069737 0.048684 0.044000 0.042000
AugsburgI423.frontmatter.pastedown.tif 0.053947 0.048684 0.035000 0.030000
AugsburgI423.frontmatter.flyleaf.01r.tif 0.082895 0.048684 0.043000 0.042000
AugsburgI423.frontmatter.flyleaf.01v.tif 0.053947 0.048684 0.035000 0.030000
AugsburgI423.frontmatter.flyleaf.02r.tif 0.082895 0.048684 0.043000 0.042000
AugsburgI423.frontmatter.flyleaf.02v.tif 0.043421 0.072368 0.045000 0.030000
AugsburgI423.001r.tif 0.082895 0.048684 0.043000 0.042000
AugsburgI423.001v.tif 0.043421 0.072368 0.045000 0.030000
AugsburgI423.002r.tif 0.082895 0.061842 0.051000 0.032000
AugsburgI423.002v.tif 0.052632 0.072368 0.045000 0.032000
AugsburgI423.003r.tif 0.082895 0.061842 0.051000 0.032000
AugsburgI423.003v.tif 0.052632 0.072368 0.045000 0.032000
AugsburgI423.004r.tif 0.082895 0.061842 0.051000 0.032000
AugsburgI423.004v.tif 0.052632 0.072368 0.045000 0.032000
AugsburgI423.005r.tif 0.082895 0.061842 0.051000 0.032000
AugsburgI423.005v.tif 0.052632 0.064474 0.041000 0.032000
AugsburgI423.006r.tif 0.082895 0.064474 0.051000 0.040000
AugsburgI423.006v.tif 0.052632 0.064474 0.041000 0.032000
AugsburgI423.007r.tif 0.102632 0.064474 0.047000 0.040000
AugsburgI423.007v.tif 0.052632 0.064474 0.041000 0.032000
AugsburgI423.008r.tif 0.102632 0.064474 0.047000 0.040000
AugsburgI423.008v.tif 0.052632 0.064474 0.041000 0.032000
AugsburgI423.009r.tif 0.119737 0.064474 0.046000 0.040000
AugsburgI423.009v.tif 0.052632 0.064474 0.041000 0.032000
AugsburgI423.010r.tif 0.107895 0.064474 0.051000 0.033000
AugsburgI423.010v.tif 0.052632 0.064474 0.041000 0.032000
AugsburgI423.011r.tif 0.092105 0.064474 0.041000 0.033000
AugsburgI423.011v.tif 0.052632 0.064474 0.041000 0.032000
AugsburgI423.012r.tif 0.092105 0.064474 0.041000 0.033000
AugsburgI423.012v.tif 0.052632 0.064474 0.041000 0.032000
AugsburgI423.013r.tif 0.092105 0.064474 0.041000 0.033000
AugsburgI423.013v.tif 0.052632 0.042105 0.041000 0.032000
AugsburgI423.014r.tif 0.092105 0.064474 0.041000 0.033000
AugsburgI423.014v.tif 0.052632 0.060526 0.041000 0.032000
AugsburgI423.015r.tif 0.102632 0.044737 0.041000 0.033000
AugsburgI423.015v.tif 0.052632 0.060526 0.041000 0.032000
AugsburgI423.016r.tif 0.102632 0.052632 0.041000 0.033000
AugsburgI423.016v.tif 0.052632 0.060526 0.041000 0.032000
AugsburgI423.017r.tif 0.102632 0.052632 0.041000 0.033000
AugsburgI423.017v.tif 0.052632 0.060526 0.041000 0.032000
AugsburgI423.018r.tif 0.102632 0.052632 0.041000 0.033000
AugsburgI423.018v.tif 0.052632 0.060526 0.041000 0.032000
AugsburgI423.019r.tif 0.102632 0.052632 0.041000 0.033000
AugsburgI423.019v.tif 0.052632 0.105263 0.041000 0.032000
AugsburgI423.020r.tif 0.102632 0.052632 0.041000 0.033000
AugsburgI423.020v.tif 0.052632 0.060526 0.041000 0.032000
AugsburgI423.021r.tif 0.081579 0.052632 0.041000 0.033000
AugsburgI423.021v.tif 0.052632 0.060526 0.041000 0.032000
AugsburgI423.022r.tif 0.081579 0.052632 0.041000 0.033000
AugsburgI423.022v.tif 0.052632 0.060526 0.041000 0.032000
AugsburgI423.023r.tif 0.081579 0.052632 0.041000 0.033000
AugsburgI423.023v.tif 0.052632 0.060526 0.041000 0.032000
AugsburgI423.024r.tif 0.081579 0.052632 0.041000 0.033000
AugsburgI423.024v.tif 0.052632 0.065789 0.041000 0.032000
AugsburgI423.025r.tif 0.090789 0.052632 0.041000 0.033000
AugsburgI423.025v.tif 0.052632 0.065789 0.041000 0.037000
AugsburgI423.026r.tif 0.090789 0.052632 0.041000 0.033000
AugsburgI423.026v.tif 0.052632 0.047368 0.041000 0.037000
AugsburgI423.027r.tif 0.090789 0.043421 0.041000 0.040000
AugsburgI423.027v.tif 0.052632 0.047368 0.041000 0.037000
AugsburgI423.028r.tif 0.084211 0.043421 0.041000 0.040000
AugsburgI423.028v.tif 0.052632 0.047368 0.041000 0.037000
AugsburgI423.029r.tif 0.084211 0.043421 0.041000 0.040000
AugsburgI423.029v.tif 0.052632 0.047368 0.041000 0.037000
AugsburgI423.030r.tif 0.084211 0.043421 0.041000 0.040000
AugsburgI423.030v.tif 0.046053 0.047368 0.041000 0.037000
AugsburgI423.031r.tif 0.092105 0.043421 0.041000 0.040000
AugsburgI423.031v.tif 0.046053 0.047368 0.041000 0.037000
AugsburgI423.032r.tif 0.078947 0.055263 0.049000 0.040000
AugsburgI423.032v.tif 0.046053 0.047368 0.041000 0.037000
AugsburgI423.033r.tif 0.096053 0.055263 0.049000 0.040000
AugsburgI423.033v.tif 0.046053 0.047368 0.041000 0.037000
AugsburgI423.034r.tif 0.060526 0.055263 0.035000 0.040000
AugsburgI423.034v.tif 0.046053 0.047368 0.041000 0.037000
AugsburgI423.035r.tif 0.084211 0.055263 0.042000 0.040000
AugsburgI423.035v.tif 0.046053 0.055263 0.041000 0.037000
AugsburgI423.036r.tif 0.075000 0.055263 0.042000 0.040000
AugsburgI423.036v.tif 0.046053 0.048684 0.041000 0.037000
AugsburgI423.037r.tif 0.075000 0.055263 0.042000 0.040000
AugsburgI423.037v.tif 0.046053 0.048684 0.041000 0.037000
AugsburgI423.038r.tif 0.075000 0.055263 0.042000 0.040000
AugsburgI423.038v.tif 0.046053 0.048684 0.041000 0.037000
AugsburgI423.039r.tif 0.085526 0.055263 0.042000 0.040000
AugsburgI423.039v.tif 0.046053 0.048684 0.041000 0.037000
AugsburgI423.040r.tif 0.067105 0.055263 0.042000 0.040000
AugsburgI423.040v.tif 0.046053 0.048684 0.041000 0.037000
AugsburgI423.041r.tif 0.080263 0.055263 0.042000 0.040000
AugsburgI423.041v.tif 0.046053 0.048684 0.041000 0.037000
AugsburgI423.042r.tif 0.080263 0.055263 0.042000 0.040000
AugsburgI423.042v.tif 0.046053 0.053947 0.041000 0.037000
AugsburgI423.043r.tif 0.080263 0.055263 0.042000 0.040000
AugsburgI423.043v.tif 0.046053 0.053947 0.041000 0.037000
AugsburgI423.044r.tif 0.069737 0.055263 0.042000 0.040000
AugsburgI423.044v.tif 0.046053 0.053947 0.041000 0.037000
AugsburgI423.045r.tif 0.084211 0.055263 0.047000 0.040000
AugsburgI423.045v.tif 0.046053 0.053947 0.041000 0.037000
AugsburgI423.046r.tif 0.084211 0.055263 0.047000 0.040000
AugsburgI423.046v.tif 0.046053 0.053947 0.041000 0.037000
AugsburgI423.047r.tif 0.084211 0.055263 0.047000 0.040000
AugsburgI423.047v.tif 0.046053 0.053947 0.041000 0.037000
AugsburgI423.048r.tif 0.084211 0.055263 0.047000 0.040000
AugsburgI423.048v.tif 0.046053 0.053947 0.041000 0.037000
AugsburgI423.049r.tif 0.081579 0.055263 0.047000 0.040000
AugsburgI423.049v.tif 0.046053 0.053947 0.041000 0.037000
AugsburgI423.050r.tif 0.081579 0.055263 0.047000 0.040000
AugsburgI423.050v.tif 0.046053 0.053947 0.041000 0.037000
AugsburgI423.051r.tif 0.081579 0.055263 0.047000 0.040000
AugsburgI423.051v.tif 0.046053 0.053947 0.041000 0.037000
AugsburgI423.052r.tif 0.071053 0.055263 0.047000 0.040000
AugsburgI423.052v.tif 0.046053 0.053947 0.041000 0.037000
AugsburgI423.053r.tif 0.080263 0.055263 0.047000 0.040000
AugsburgI423.053v.tif 0.046053 0.053947 0.041000 0.037000
AugsburgI423.054r.tif 0.080263 0.055263 0.047000 0.040000
AugsburgI423.054v.tif 0.039474 0.053947 0.041000 0.037000
AugsburgI423.055r.tif 0.080263 0.055263 0.047000 0.040000
AugsburgI423.055v.tif 0.050000 0.053947 0.041000 0.037000
AugsburgI423.056r.tif 0.068421 0.055263 0.047000 0.040000
AugsburgI423.056v.tif 0.050000 0.053947 0.041000 0.037000
AugsburgI423.057r.tif 0.078947 0.055263 0.047000 0.040000
AugsburgI423.057v.tif 0.050000 0.053947 0.041000 0.037000
AugsburgI423.058r.tif 0.073684 0.042105 0.047000 0.040000
AugsburgI423.058v.tif 0.050000 0.053947 0.041000 0.037000
AugsburgI423.059r.tif 0.063158 0.044737 0.047000 0.040000
AugsburgI423.059v.tif 0.050000 0.042105 0.041000 0.037000
AugsburgI423.060r.tif 0.063158 0.039474 0.047000 0.040000
AugsburgI423.060v.tif 0.050000 0.042105 0.041000 0.037000
AugsburgI423.061r.tif 0.063158 0.039474 0.047000 0.040000
AugsburgI423.061v.tif 0.050000 0.042105 0.041000 0.037000
AugsburgI423.062r.tif 0.063158 0.046053 0.047000 0.040000
AugsburgI423.062v.tif 0.050000 0.056579 0.041000 0.037000
AugsburgI423.063r.tif 0.063158 0.046053 0.047000 0.040000
AugsburgI423.063v.tif 0.050000 0.056579 0.041000 0.037000
AugsburgI423.064r.tif 0.063158 0.046053 0.047000 0.040000
AugsburgI423.064v.tif 0.050000 0.056579 0.041000 0.037000
AugsburgI423.065r.tif 0.063158 0.046053 0.047000 0.040000
AugsburgI423.065v.tif 0.050000 0.056579 0.041000 0.037000
AugsburgI423.066r.tif 0.063158 0.046053 0.047000 0.040000
AugsburgI423.066v.tif 0.050000 0.056579 0.041000 0.037000
AugsburgI423.067r.tif 0.063158 0.046053 0.047000 0.040000
AugsburgI423.067v.tif 0.050000 0.056579 0.041000 0.037000
AugsburgI423.068r.tif 0.072368 0.046053 0.047000 0.040000
AugsburgI423.068v.tif 0.050000 0.056579 0.041000 0.037000
AugsburgI423.069r.tif 0.072368 0.046053 0.047000 0.040000
AugsburgI423.069v.tif 0.050000 0.056579 0.041000 0.037000
AugsburgI423.070r.tif 0.072368 0.046053 0.047000 0.040000
AugsburgI423.070v.tif 0.050000 0.056579 0.041000 0.037000
AugsburgI423.071r.tif 0.072368 0.046053 0.047000 0.040000
AugsburgI423.071v.tif 0.050000 0.056579 0.041000 0.037000
AugsburgI423.072r.tif 0.072368 0.046053 0.047000 0.040000
AugsburgI423.072v.tif 0.050000 0.056579 0.041000 0.037000
AugsburgI423.073r.tif 0.072368 0.046053 0.047000 0.040000
AugsburgI423.073v.tif 0.050000 0.056579 0.041000 0.037000
AugsburgI423.074r.tif 0.063158 0.046053 0.047000 0.040000
AugsburgI423.074v.tif 0.050000 0.056579 0.041000 0.037000
AugsburgI423.075r.tif 0.073684 0.046053 0.047000 0.040000
AugsburgI423.075v.tif 0.050000 0.056579 0.041000 0.037000
AugsburgI423.076r.tif 0.063158 0.046053 0.047000 0.040000
AugsburgI423.076v.tif 0.050000 0.044737 0.041000 0.037000
AugsburgI423.077r.tif 0.063158 0.046053 0.047000 0.040000
AugsburgI423.077v.tif 0.050000 0.044737 0.041000 0.037000
AugsburgI423.078r.tif 0.063158 0.046053 0.047000 0.040000
AugsburgI423.078v.tif 0.050000 0.044737 0.041000 0.037000
AugsburgI423.079r.tif 0.063158 0.046053 0.047000 0.040000
AugsburgI423.079v.tif 0.050000 0.044737 0.049000 0.037000
AugsburgI423.080r.tif 0.063158 0.046053 0.047000 0.040000
AugsburgI423.080v.tif 0.050000 0.061842 0.049000 0.037000
AugsburgI423.081r.tif 0.063158 0.046053 0.047000 0.040000
AugsburgI423.081v.tif 0.050000 0.061842 0.049000 0.037000
AugsburgI423.082r.tif 0.063158 0.051316 0.047000 0.040000
AugsburgI423.082v.tif 0.050000 0.061842 0.049000 0.037000
AugsburgI423.083r.tif 0.063158 0.051316 0.047000 0.050000
AugsburgI423.083v.tif 0.050000 0.061842 0.044000 0.037000
AugsburgI423.084r.tif 0.063158 0.051316 0.047000 0.050000
AugsburgI423.084v.tif 0.050000 0.061842 0.044000 0.037000
AugsburgI423.085r.tif 0.063158 0.051316 0.047000 0.037000
AugsburgI423.085v.tif 0.050000 0.061842 0.044000 0.037000
AugsburgI423.086r.tif 0.072368 0.051316 0.047000 0.037000
AugsburgI423.086v.tif 0.050000 0.046053 0.044000 0.037000
AugsburgI423.087r.tif 0.072368 0.051316 0.047000 0.037000
AugsburgI423.087v.tif 0.050000 0.023684 0.044000 0.037000
AugsburgI423.088r.tif 0.068421 0.051316 0.047000 0.037000
AugsburgI423.088v.tif 0.050000 0.036842 0.044000 0.037000
AugsburgI423.089r.tif 0.057895 0.051316 0.047000 0.037000
AugsburgI423.089v.tif 0.036842 0.036842 0.044000 0.037000
AugsburgI423.090r.tif 0.068421 0.051316 0.043000 0.037000
AugsburgI423.090v.tif 0.059211 0.050000 0.044000 0.037000
AugsburgI423.091r.tif 0.064474 0.043421 0.048000 0.037000
AugsburgI423.091v.tif 0.059211 0.050000 0.044000 0.037000
AugsburgI423.092r.tif 0.064474 0.043421 0.041000 0.037000
AugsburgI423.092v.tif 0.059211 0.025000 0.044000 0.037000
AugsburgI423.093r.tif 0.064474 0.043421 0.041000 0.037000
AugsburgI423.093v.tif 0.042105 0.025000 0.053000 0.046000
AugsburgI423.094r.tif 0.064474 0.043421 0.041000 0.037000
AugsburgI423.094v.tif 0.042105 0.025000 0.053000 0.046000
AugsburgI423.095r.tif 0.064474 0.043421 0.041000 0.037000
AugsburgI423.095v.tif 0.042105 0.064474 0.053000 0.046000
AugsburgI423.096r.tif 0.064474 0.043421 0.041000 0.037000
AugsburgI423.096v.tif 0.042105 0.044737 0.053000 0.046000
AugsburgI423.097r.tif 0.085526 0.043421 0.041000 0.037000
AugsburgI423.097v.tif 0.042105 0.044737 0.047000 0.046000
AugsburgI423.098r.tif 0.078947 0.043421 0.041000 0.037000
AugsburgI423.098v.tif 0.042105 0.044737 0.047000 0.040000
AugsburgI423.099r.tif 0.078947 0.043421 0.048000 0.037000
AugsburgI423.099v.tif 0.042105 0.032895 0.047000 0.040000
AugsburgI423.100r.tif 0.064474 0.043421 0.040000 0.037000
AugsburgI423.100v.tif 0.050000 0.032895 0.051000 0.040000
AugsburgI423.101r.tif 0.064474 0.043421 0.040000 0.037000
AugsburgI423.101v.tif 0.050000 0.032895 0.051000 0.040000
AugsburgI423.102r.tif 0.075000 0.043421 0.040000 0.037000
AugsburgI423.102v.tif 0.050000 0.042105 0.051000 0.040000
AugsburgI423.103r.tif 0.075000 0.043421 0.040000 0.037000
AugsburgI423.103v.tif 0.050000 0.042105 0.051000 0.040000
AugsburgI423.104r.tif 0.075000 0.043421 0.040000 0.037000
AugsburgI423.104v.tif 0.050000 0.042105 0.051000 0.040000
AugsburgI423.105r.tif 0.057895 0.043421 0.040000 0.037000
AugsburgI423.105v.tif 0.050000 0.042105 0.051000 0.040000
AugsburgI423.106r.tif 0.057895 0.043421 0.040000 0.037000
AugsburgI423.106v.tif 0.050000 0.048684 0.051000 0.040000
AugsburgI423.107r.tif 0.057895 0.043421 0.040000 0.037000
AugsburgI423.107v.tif 0.050000 0.056579 0.051000 0.040000
AugsburgI423.108r.tif 0.068421 0.043421 0.040000 0.037000
AugsburgI423.108v.tif 0.050000 0.046053 0.039000 0.040000
AugsburgI423.109r.tif 0.068421 0.043421 0.040000 0.037000
AugsburgI423.109v.tif 0.050000 0.060526 0.039000 0.040000
AugsburgI423.110r.tif 0.068421 0.043421 0.040000 0.037000
AugsburgI423.110v.tif 0.050000 0.047368 0.039000 0.040000
AugsburgI423.111r.tif 0.068421 0.043421 0.040000 0.037000
AugsburgI423.111v.tif 0.050000 0.047368 0.039000 0.040000
AugsburgI423.112r.tif 0.068421 0.043421 0.040000 0.037000
AugsburgI423.112v.tif 0.050000 0.047368 0.039000 0.040000
AugsburgI423.113r.tif 0.068421 0.043421 0.040000 0.037000
AugsburgI423.113v.tif 0.050000 0.047368 0.039000 0.040000
AugsburgI423.114r.tif 0.068421 0.043421 0.040000 0.037000
AugsburgI423.114v.tif 0.050000 0.047368 0.039000 0.040000
AugsburgI423.115r.tif 0.068421 0.043421 0.040000 0.037000
AugsburgI423.115v.tif 0.050000 0.047368 0.039000 0.040000
AugsburgI423.116r.tif 0.068421 0.043421 0.040000 0.037000
AugsburgI423.116v.tif 0.050000 0.047368 0.039000 0.040000
AugsburgI423.117r.tif 0.068421 0.043421 0.040000 0.037000
AugsburgI423.117v.tif 0.050000 0.065789 0.039000 0.040000
AugsburgI423.118r.tif 0.068421 0.043421 0.040000 0.037000
AugsburgI423.118v.tif 0.050000 0.065789 0.039000 0.040000
AugsburgI423.119r.tif 0.068421 0.043421 0.040000 0.037000
AugsburgI423.119v.tif 0.050000 0.050000 0.039000 0.040000
AugsburgI423.120r.tif 0.068421 0.043421 0.040000 0.037000
AugsburgI423.120v.tif 0.050000 0.050000 0.039000 0.040000
AugsburgI423.endmatter.flyleaf.01r.tif 0.068421 0.043421 0.040000 0.037000
AugsburgI423.endmatter.flyleaf.01v.tif 0.050000 0.050000 0.039000 0.040000
AugsburgI423.endmatter.flyleaf.02r.tif 0.068421 0.043421 0.040000 0.037000
AugsburgI423.endmatter.flyleaf.02v.tif 0.043421 0.093421 0.034000 0.032000
AugsburgI423.endmatter.pastedown.tif 0.084211 0.043421 0.040000 0.037000
AugsburgI423.binding.backcover.tif 0.055263 0.093421 0.034000 0.032000
AugsburgI423.misc.colorbar.01.tif 0.055263 0.093421 0.034000 0.032000
