UC1380.binding.frontcover.tif 0.038557 0.068408 0.096667 0.094167
UC1380.frontmatter.pastedown.tif 0.062035 0.085608 0.083333 0.088333
UC1380.frontmatter.flyleaf.01r.tif 0.071250 0.062500 0.085833 0.090000
UC1380.frontmatter.flyleaf.01v.tif 0.046250 0.085608 0.085000 0.091667
UC1380.frontmatter.flyleaf.02r.tif 0.096250 0.042500 0.079167 0.100000
UC1380.frontmatter.flyleaf.02v.tif 0.066250 0.071858 0.083333 0.085000
UC1380.frontmatter.flyleaf.03r.tif 0.086250 0.052500 0.087500 0.082500
UC1380.frontmatter.flyleaf.03v.tif 0.072500 0.078750 0.083333 0.085000
UC1380.frontmatter.flyleaf.04r.tif 0.086250 0.052500 0.081667 0.091667
UC1380.frontmatter.flyleaf.04v.tif 0.095000 0.065000 0.077500 0.100000
UC1380.frontmatter.flyleaf.05r.tif 0.073750 0.071250 0.089167 0.085833
UC1380.frontmatter.flyleaf.05v.tif 0.101250 0.051250 0.077500 0.089167
UC1380.001r.tif 0.068750 0.056250 0.075833 0.075000
UC1380.001v.tif 0.036250 0.110000 0.055000 0.072500
UC1380.002r.tif 0.072500 0.068750 0.083333 0.075000
UC1380.002v.tif 0.096250 0.078750 0.075000 0.071667
UC1380.003r.tif 0.068750 0.076250 0.080000 0.080000
UC1380.003v.tif 0.127500 0.051250 0.077500 0.076667
UC1380.004r.tif 0.062500 0.062500 0.066667 0.071667
UC1380.004v.tif 0.116250 0.068750 0.075833 0.074167
UC1380.005r.tif 0.060000 0.063750 0.065000 0.062500
UC1380.005v.tif 0.097500 0.067500 0.060833 0.073333
UC1380.006r.tif 0.065000 0.062500 0.070833 0.059167
UC1380.006v.tif 0.148564 0.062422 0.081667 0.070833
UC1380.007r.tif 0.075000 0.081250 0.085833 0.081667
UC1380.007v.tif 0.103750 0.096250 0.068333 0.085833
UC1380.008r.tif 0.058750 0.091250 0.085000 0.073333
UC1380.008v.tif 0.092500 0.110000 0.071667 0.077500
UC1380.009r.tif 0.062500 0.087500 0.070833 0.077500
UC1380.009v.tif 0.116250 0.070000 0.074167 0.083333
UC1380.010r.tif 0.053750 0.098750 0.075000 0.078333
UC1380.010v.tif 0.120000 0.086250 0.066667 0.075833
UC1380.011r.tif 0.065000 0.091250 0.075000 0.073333
UC1380.011v.tif 0.123750 0.076250 0.075000 0.073333
UC1380.012r.tif 0.047500 0.122500 0.074167 0.079167
UC1380.012v.tif 0.135000 0.098750 0.074167 0.080833
UC1380.013r.tif 0.060000 0.090000 0.075833 0.065000
UC1380.013v.tif 0.132500 0.063750 0.069167 0.059167
UC1380.014r.tif 0.057500 0.078750 0.065833 0.070833
UC1380.014v.tif 0.130000 0.052500 0.056667 0.059167
UC1380.015r.tif 0.050000 0.106250 0.079167 0.075000
UC1380.015v.tif 0.113750 0.075000 0.069167 0.060000
UC1380.016r.tif 0.062500 0.096250 0.072500 0.077500
UC1380.016v.tif 0.128750 0.085000 0.073333 0.085833
UC1380.017r.tif 0.068750 0.096250 0.067500 0.082500
UC1380.017v.tif 0.137500 0.082500 0.073333 0.075833
UC1380.018r.tif 0.058750 0.093750 0.074167 0.075833
UC1380.018v.tif 0.142500 0.071250 0.076667 0.068333
UC1380.019r.tif 0.050000 0.113750 0.071667 0.079167
UC1380.019v.tif 0.147500 0.068750 0.060833 0.060000
UC1380.020r.tif 0.078750 0.085000 0.073333 0.068333
UC1380.020v.tif 0.170000 0.072500 0.069167 0.073333
UC1380.021r.tif 0.077500 0.092500 0.075833 0.074167
UC1380.021v.tif 0.156250 0.081250 0.073333 0.076667
UC1380.022r.tif 0.062500 0.100000 0.079167 0.070833
UC1380.022v.tif 0.146250 0.085000 0.071667 0.060000
UC1380.023r.tif 0.085000 0.087500 0.078333 0.073333
UC1380.023v.tif 0.158750 0.081250 0.074167 0.060000
UC1380.024r.tif 0.062500 0.100000 0.067500 0.080000
UC1380.024v.tif 0.185000 0.063750 0.067500 0.065000
UC1380.025r.tif 0.083750 0.083750 0.075833 0.070000
UC1380.025v.tif 0.127500 0.090000 0.064167 0.050833
UC1380.026r.tif 0.065000 0.095000 0.070833 0.073333
UC1380.026v.tif 0.143750 0.090000 0.076667 0.061667
UC1380.027r.tif 0.091250 0.071250 0.077500 0.066667
UC1380.027v.tif 0.150000 0.072500 0.072500 0.064167
UC1380.028r.tif 0.053750 0.105000 0.067500 0.076667
UC1380.028v.tif 0.187500 0.073750 0.065000 0.071667
UC1380.029r.tif 0.055000 0.106250 0.070833 0.075833
UC1380.029v.tif 0.117500 0.137500 0.071667 0.074167
UC1380.030r.tif 0.047500 0.131250 0.072500 0.090833
UC1380.030v.tif 0.165000 0.101250 0.085833 0.064167
UC1380.031r.tif 0.062500 0.100000 0.072500 0.070833
UC1380.031v.tif 0.141250 0.112500 0.057500 0.069167
UC1380.032r.tif 0.082500 0.077500 0.075000 0.067500
UC1380.032v.tif 0.151250 0.098750 0.057500 0.073333
UC1380.033r.tif 0.095000 0.070000 0.063333 0.078333
UC1380.033v.tif 0.161250 0.066250 0.064167 0.052500
UC1380.034r.tif 0.052500 0.106250 0.061667 0.081667
UC1380.034v.tif 0.125000 0.120000 0.070000 0.062500
UC1380.035r.tif 0.071250 0.088750 0.075000 0.068333
UC1380.035v.tif 0.122500 0.122500 0.067500 0.065833
UC1380.036r.tif 0.070000 0.093750 0.069167 0.075000
UC1380.036v.tif 0.163750 0.076250 0.068333 0.069167
UC1380.037r.tif 0.093750 0.082500 0.076667 0.071667
UC1380.037v.tif 0.181250 0.076250 0.070833 0.069167
UC1380.038r.tif 0.068750 0.097500 0.079167 0.069167
UC1380.038v.tif 0.141250 0.098750 0.074167 0.066667
UC1380.039r.tif 0.088750 0.081250 0.075833 0.073333
UC1380.039v.tif 0.130000 0.125000 0.070000 0.066667
UC1380.040r.tif 0.095000 0.081250 0.078333 0.069167
UC1380.040v.tif 0.117500 0.116250 0.074167 0.078333
UC1380.041r.tif 0.106250 0.065000 0.070000 0.075833
UC1380.041v.tif 0.173750 0.061250 0.071667 0.076667
UC1380.042r.tif 0.080000 0.088750 0.076667 0.073333
UC1380.042v.tif 0.141250 0.100000 0.080833 0.062500
UC1380.043r.tif 0.092500 0.078750 0.070833 0.074167
UC1380.043v.tif 0.122500 0.122500 0.072500 0.073333
UC1380.044r.tif 0.096250 0.090000 0.075833 0.070833
UC1380.044v.tif 0.165000 0.096250 0.072500 0.064167
UC1380.045r.tif 0.100000 0.086250 0.065000 0.082500
UC1380.045v.tif 0.162500 0.096250 0.071667 0.066667
UC1380.046r.tif 0.087500 0.092500 0.079167 0.065833
UC1380.046v.tif 0.166250 0.087500 0.069167 0.062500
UC1380.047r.tif 0.106250 0.073750 0.067500 0.084167
UC1380.047v.tif 0.106250 0.156250 0.069167 0.064167
UC1380.048r.tif 0.077500 0.095000 0.075833 0.080000
UC1380.048v.tif 0.160000 0.096250 0.075000 0.069167
UC1380.049r.tif 0.092500 0.096250 0.082500 0.070833
UC1380.049v.tif 0.142500 0.117500 0.085000 0.064167
UC1380.050r.tif 0.108750 0.088750 0.070833 0.083333
UC1380.050v.tif 0.136250 0.127500 0.092500 0.060833
UC1380.051r.tif 0.073750 0.123750 0.071667 0.086667
UC1380.051v.tif 0.125000 0.116250 0.085000 0.078333
UC1380.052r.tif 0.091250 0.098750 0.070833 0.085833
UC1380.052v.tif 0.116250 0.145000 0.073333 0.072500
UC1380.053r.tif 0.118750 0.072500 0.084167 0.072500
UC1380.053v.tif 0.167500 0.097500 0.074167 0.076667
UC1380.054r.tif 0.107500 0.081250 0.075000 0.078333
UC1380.054v.tif 0.166250 0.106250 0.075833 0.073333
UC1380.055r.tif 0.116250 0.101250 0.086667 0.072500
UC1380.055v.tif 0.148750 0.121250 0.076667 0.072500
UC1380.056r.tif 0.090000 0.098750 0.074167 0.093333
UC1380.056v.tif 0.150000 0.120000 0.080000 0.075000
UC1380.057r.tif 0.088750 0.113750 0.085000 0.071667
UC1380.057v.tif 0.137500 0.101250 0.068333 0.055833
UC1380.058r.tif 0.077500 0.116250 0.080833 0.079167
UC1380.058v.tif 0.138750 0.128750 0.075833 0.075000
UC1380.059r.tif 0.102500 0.110000 0.073333 0.085000
UC1380.059v.tif 0.171250 0.098750 0.061667 0.077500
UC1380.060r.tif 0.107500 0.077500 0.076667 0.065000
UC1380.060v.tif 0.118750 0.120000 0.075833 0.075833
UC1380.061r.tif 0.103750 0.105000 0.072500 0.079167
UC1380.061v.tif 0.163750 0.075000 0.069167 0.055000
UC1380.062r.tif 0.112500 0.093750 0.070000 0.077500
UC1380.062v.tif 0.130000 0.127500 0.083333 0.068333
UC1380.063r.tif 0.095000 0.097500 0.086667 0.072500
UC1380.063v.tif 0.125000 0.133750 0.076667 0.085833
UC1380.064r.tif 0.110000 0.088750 0.080000 0.085833
UC1380.064v.tif 0.108750 0.117500 0.071667 0.060000
UC1380.065r.tif 0.091250 0.108750 0.081667 0.080833
UC1380.065v.tif 0.116250 0.130000 0.075833 0.081667
UC1380.066r.tif 0.108750 0.101250 0.080000 0.083333
UC1380.066v.tif 0.127500 0.107500 0.080833 0.078333
UC1380.067r.tif 0.106250 0.096250 0.077500 0.062500
UC1380.067v.tif 0.125000 0.112500 0.074167 0.067500
UC1380.068r.tif 0.103750 0.125000 0.083333 0.080000
UC1380.068v.tif 0.123750 0.105000 0.078333 0.058333
UC1380.069r.tif 0.102500 0.100000 0.073333 0.075000
UC1380.069v.tif 0.112500 0.126250 0.075000 0.068333
UC1380.070r.tif 0.101250 0.120000 0.064167 0.086667
UC1380.070v.tif 0.116250 0.115000 0.088333 0.067500
UC1380.071r.tif 0.103750 0.107500 0.074167 0.084167
UC1380.071v.tif 0.127500 0.101250 0.084167 0.063333
UC1380.072r.tif 0.103750 0.112500 0.076667 0.079167
UC1380.072v.tif 0.141250 0.100000 0.087500 0.065833
UC1380.073r.tif 0.098750 0.111250 0.068333 0.089167
UC1380.073v.tif 0.128750 0.101250 0.071667 0.053333
UC1380.074r.tif 0.091250 0.121250 0.070000 0.083333
UC1380.074v.tif 0.113750 0.111250 0.066667 0.069167
UC1380.075r.tif 0.091250 0.133750 0.077500 0.075833
UC1380.075v.tif 0.113750 0.121250 0.080833 0.073333
UC1380.076r.tif 0.111250 0.123750 0.085000 0.069167
UC1380.076v.tif 0.121250 0.115000 0.085833 0.075000
UC1380.077r.tif 0.121250 0.121250 0.078333 0.079167
UC1380.077v.tif 0.125000 0.105000 0.084167 0.076667
UC1380.078r.tif 0.101250 0.138750 0.081667 0.079167
UC1380.078v.tif 0.121250 0.117500 0.079167 0.079167
UC1380.079r.tif 0.121250 0.127500 0.078333 0.079167
UC1380.079v.tif 0.138750 0.097500 0.091667 0.070833
UC1380.080r.tif 0.111250 0.110000 0.088333 0.070833
UC1380.080v.tif 0.130000 0.110000 0.080833 0.070833
UC1380.081r.tif 0.115000 0.113750 0.073333 0.081667
UC1380.081v.tif 0.123750 0.105000 0.090000 0.067500
UC1380.082r.tif 0.098750 0.138750 0.080833 0.070833
UC1380.082v.tif 0.111250 0.103750 0.080000 0.065000
UC1380.083r.tif 0.111250 0.126250 0.080833 0.076667
UC1380.083v.tif 0.118750 0.103750 0.077500 0.065000
UC1380.084r.tif 0.107500 0.115000 0.087500 0.075000
UC1380.084v.tif 0.107500 0.115000 0.087500 0.075000
UC1380.085r.tif 0.086250 0.138750 0.075000 0.082500
UC1380.085v.tif 0.133750 0.098750 0.082500 0.075833
UC1380.086r.tif 0.087500 0.145000 0.085833 0.077500
UC1380.086v.tif 0.123750 0.101250 0.086667 0.065833
UC1380.087r.tif 0.117500 0.112500 0.074167 0.079167
UC1380.087v.tif 0.127500 0.101250 0.070833 0.068333
UC1380.088r.tif 0.093750 0.135000 0.080000 0.080000
UC1380.088v.tif 0.133750 0.100000 0.080000 0.072500
UC1380.089r.tif 0.107500 0.126250 0.081667 0.075833
UC1380.089v.tif 0.130000 0.097500 0.082500 0.065000
UC1380.090r.tif 0.103750 0.123750 0.077500 0.075833
UC1380.090v.tif 0.123750 0.108750 0.083333 0.069167
UC1380.091r.tif 0.116250 0.108750 0.085833 0.073333
UC1380.091v.tif 0.141250 0.100000 0.085000 0.072500
UC1380.092r.tif 0.092500 0.133750 0.073333 0.081667
UC1380.092v.tif 0.126250 0.113750 0.080000 0.078333
UC1380.093r.tif 0.096250 0.118750 0.085833 0.075000
UC1380.093v.tif 0.145000 0.093750 0.070833 0.070833
UC1380.094r.tif 0.090000 0.140000 0.085000 0.077500
UC1380.094v.tif 0.132500 0.103750 0.085833 0.076667
UC1380.095r.tif 0.108750 0.113750 0.083333 0.078333
UC1380.095v.tif 0.145000 0.100000 0.081667 0.079167
UC1380.096r.tif 0.108750 0.126250 0.081667 0.077500
UC1380.096v.tif 0.122500 0.107500 0.083333 0.069167
UC1380.097r.tif 0.105000 0.130000 0.085000 0.075833
UC1380.097v.tif 0.132500 0.102500 0.088333 0.065000
UC1380.098r.tif 0.098750 0.131250 0.083333 0.082500
UC1380.098v.tif 0.137500 0.100000 0.090000 0.071667
UC1380.099r.tif 0.095000 0.128750 0.089167 0.071667
UC1380.099v.tif 0.125000 0.120000 0.080833 0.076667
UC1380.100r.tif 0.103750 0.120000 0.080000 0.076667
UC1380.100v.tif 0.115000 0.116250 0.074167 0.063333
UC1380.101r.tif 0.081250 0.138750 0.074167 0.085000
UC1380.101v.tif 0.137500 0.097500 0.078333 0.067500
UC1380.102r.tif 0.092500 0.138750 0.079167 0.085000
UC1380.102v.tif 0.157500 0.096250 0.068333 0.082500
UC1380.103r.tif 0.102500 0.130000 0.078333 0.085000
UC1380.103v.tif 0.127500 0.096250 0.071667 0.070833
UC1380.104r.tif 0.093750 0.126250 0.075833 0.080833
UC1380.104v.tif 0.122500 0.113750 0.066667 0.082500
UC1380.105r.tif 0.113750 0.113750 0.080833 0.074167
UC1380.105v.tif 0.138750 0.102500 0.079167 0.075000
UC1380.106r.tif 0.108750 0.101250 0.077500 0.075833
UC1380.106v.tif 0.108750 0.106250 0.077500 0.075833
UC1380.107r.tif 0.095000 0.120000 0.085000 0.068333
UC1380.107v.tif 0.118750 0.101250 0.080000 0.075000
UC1380.108r.tif 0.112500 0.107500 0.073333 0.081667
UC1380.108v.tif 0.112500 0.126250 0.075000 0.080833
UC1380.109r.tif 0.112500 0.108750 0.080000 0.080833
UC1380.109v.tif 0.118750 0.113750 0.072500 0.078333
UC1380.110r.tif 0.088750 0.113750 0.067500 0.081667
UC1380.110v.tif 0.128750 0.108750 0.075833 0.065833
UC1380.111v.tif 0.128750 0.108750 0.075833 0.065833
UC1380.112r.tif 0.091250 0.118750 0.081667 0.077500
UC1380.112v.tif 0.121250 0.108750 0.085000 0.076667
UC1380.113r.tif 0.108750 0.100000 0.073333 0.089167
UC1380.113v.tif 0.156250 0.081250 0.067500 0.072500
UC1380.114r.tif 0.100000 0.095000 0.072500 0.068333
UC1380.114v.tif 0.100000 0.121250 0.072500 0.069167
UC1380.115r.tif 0.086250 0.128750 0.066667 0.073333
UC1380.115v.tif 0.122500 0.105000 0.071667 0.070000
UC1380.116r.tif 0.088750 0.107500 0.073333 0.066667
UC1380.116v.tif 0.141250 0.090000 0.079167 0.071667
UC1380.117r.tif 0.093750 0.121250 0.076667 0.078333
UC1380.117v.tif 0.120000 0.107500 0.072500 0.072500
UC1380.118r.tif 0.100000 0.135000 0.075000 0.076667
UC1380.118v.tif 0.131250 0.105000 0.075000 0.075833
UC1380.119r.tif 0.112500 0.122500 0.077500 0.074167
UC1380.119v.tif 0.135000 0.096250 0.080000 0.069167
UC1380.120r.tif 0.085000 0.140000 0.082500 0.072500
UC1380.120v.tif 0.131250 0.111250 0.075833 0.070000
UC1380.121r.tif 0.117500 0.106250 0.076667 0.078333
UC1380.121v.tif 0.117500 0.111250 0.076667 0.065000
UC1380.122r.tif 0.090000 0.118750 0.070833 0.085000
UC1380.122v.tif 0.125000 0.083750 0.070000 0.067500
UC1380.123r.tif 0.093750 0.115000 0.076667 0.075000
UC1380.123v.tif 0.110000 0.123750 0.080000 0.064167
UC1380.124r.tif 0.110000 0.108750 0.079167 0.077500
UC1380.124v.tif 0.106250 0.108750 0.079167 0.060000
UC1380.125r.tif 0.101250 0.123750 0.082500 0.067500
UC1380.125v.tif 0.125000 0.107500 0.074167 0.068333
UC1380.126r.tif 0.121250 0.097500 0.074167 0.073333
UC1380.126v.tif 0.121250 0.112500 0.076667 0.060000
UC1380.127r.tif 0.121250 0.091250 0.073333 0.079167
UC1380.127v.tif 0.112500 0.108750 0.071667 0.070833
UC1380.128r.tif 0.123750 0.108750 0.069167 0.070833
UC1380.128v.tif 0.111250 0.108750 0.071667 0.071667
UC1380.129r.tif 0.120000 0.086250 0.075833 0.069167
UC1380.129v.tif 0.097500 0.122500 0.078333 0.068333
UC1380.130r.tif 0.115000 0.111250 0.079167 0.075833
UC1380.130v.tif 0.138750 0.092500 0.100833 0.078333
UC1380.131r.tif 0.087500 0.157500 0.082500 0.078333
UC1380.131v.tif 0.118750 0.096250 0.084167 0.070000
UC1380.132r.tif 0.103750 0.135000 0.080833 0.082500
UC1380.132v.tif 0.127500 0.098750 0.085833 0.070000
UC1380.133r.tif 0.127500 0.098750 0.085833 0.070000
UC1380.133v.tif 0.098750 0.113750 0.074167 0.079167
UC1380.134r.tif 0.127500 0.097500 0.078333 0.081667
UC1380.134v.tif 0.095000 0.121250 0.066667 0.074167
UC1380.135r.tif 0.138750 0.090000 0.080833 0.077500
UC1380.135v.tif 0.093750 0.138750 0.075000 0.084167
UC1380.136r.tif 0.135000 0.093750 0.070833 0.090000
UC1380.136v.tif 0.108750 0.122500 0.063333 0.070833
UC1380.137r.tif 0.128750 0.102500 0.075833 0.082500
UC1380.137v.tif 0.097500 0.123750 0.071667 0.064167
UC1380.138r.tif 0.117500 0.095000 0.080000 0.090000
UC1380.138v.tif 0.115000 0.130000 0.083333 0.091667
UC1380.139r.tif 0.136250 0.118750 0.090000 0.090833
UC1380.139v.tif 0.106250 0.120000 0.089167 0.083333
UC1380.140r.tif 0.140000 0.122500 0.087500 0.086667
UC1380.140v.tif 0.097500 0.117500 0.083333 0.081667
UC1380.141r.tif 0.118750 0.127500 0.081667 0.083333
UC1380.141v.tif 0.118750 0.111250 0.086667 0.087500
UC1380.142r.tif 0.118750 0.111250 0.070833 0.080000
UC1380.142v.tif 0.092500 0.118750 0.080833 0.078333
UC1380.143r.tif 0.127500 0.100000 0.089167 0.071667
UC1380.143v.tif 0.095000 0.107500 0.065000 0.080000
UC1380.144r.tif 0.127500 0.118750 0.086667 0.081667
UC1380.144v.tif 0.106250 0.115000 0.081667 0.085833
UC1380.145r.tif 0.121250 0.100000 0.065000 0.077500
UC1380.145v.tif 0.100000 0.121250 0.075833 0.066667
UC1380.146r.tif 0.130000 0.091250 0.063333 0.083333
UC1380.146v.tif 0.110000 0.103750 0.082500 0.086667
UC1380.147r.tif 0.122500 0.107500 0.088333 0.065833
UC1380.147v.tif 0.102500 0.102500 0.069167 0.084167
UC1380.148r.tif 0.116250 0.115000 0.070833 0.075833
UC1380.148v.tif 0.078750 0.105000 0.074167 0.070833
UC1380.149r.tif 0.110000 0.105000 0.074167 0.065000
UC1380.149v.tif 0.092500 0.115000 0.081667 0.080833
UC1380.150r.tif 0.123750 0.115000 0.073333 0.080833
UC1380.150v.tif 0.085000 0.115000 0.069167 0.080833
UC1380.151r.tif 0.100000 0.123750 0.075833 0.080833
UC1380.151v.tif 0.061250 0.120000 0.067500 0.066667
UC1380.152r.tif 0.106250 0.112500 0.062500 0.077500
UC1380.152v.tif 0.106250 0.112500 0.082500 0.077500
UC1380.153r.tif 0.106250 0.093750 0.071667 0.077500
UC1380.153v.tif 0.106250 0.093750 0.071667 0.077500
UC1380.154r.tif 0.106250 0.093750 0.071667 0.069167
UC1380.154v.tif 0.106250 0.126250 0.079167 0.079167
UC1380.155r.tif 0.117500 0.098750 0.076667 0.076667
UC1380.155v.tif 0.095000 0.106250 0.077500 0.069167
UC1380.156r.tif 0.101250 0.117500 0.068333 0.072500
UC1380.156v.tif 0.093750 0.097500 0.068333 0.071667
UC1380.157r.tif 0.102500 0.106250 0.067500 0.076667
UC1380.157v.tif 0.087500 0.110000 0.069167 0.073333
UC1380.158r.tif 0.110000 0.090000 0.064167 0.078333
UC1380.158v.tif 0.081250 0.120000 0.076667 0.076667
UC1380.159r.tif 0.111250 0.108750 0.067500 0.086667
UC1380.159v.tif 0.101250 0.083750 0.062500 0.085000
UC1380.160r.tif 0.111250 0.091250 0.075000 0.070000
UC1380.160v.tif 0.092500 0.110000 0.065000 0.080000
UC1380.161r.tif 0.117500 0.113750 0.064167 0.080000
UC1380.161v.tif 0.103750 0.093750 0.078333 0.071667
UC1380.162r.tif 0.115000 0.112500 0.064167 0.070000
UC1380.162v.tif 0.116250 0.092500 0.068333 0.083333
UC1380.163r.tif 0.108750 0.127500 0.070833 0.084167
UC1380.163v.tif 0.087500 0.106250 0.076667 0.071667
UC1380.164r.tif 0.120000 0.090000 0.069167 0.073333
UC1380.164v.tif 0.075000 0.110000 0.067500 0.080000
UC1380.165r.tif 0.108750 0.116250 0.064167 0.088333
UC1380.165v.tif 0.093750 0.105000 0.084167 0.065000
UC1380.166r.tif 0.127500 0.095000 0.070000 0.074167
UC1380.166v.tif 0.077500 0.126250 0.075833 0.085833
UC1380.167r.tif 0.103750 0.125000 0.076667 0.081667
UC1380.167v.tif 0.078750 0.100000 0.069167 0.081667
UC1380.168r.tif 0.121250 0.080000 0.079167 0.066667
UC1380.168v.tif 0.088750 0.102500 0.078333 0.090833
UC1380.169r.tif 0.126250 0.096250 0.084167 0.079167
UC1380.169v.tif 0.102500 0.101250 0.080000 0.090833
UC1380.170r.tif 0.111250 0.128750 0.079167 0.090833
UC1380.170v.tif 0.085000 0.097500 0.069167 0.074167
UC1380.171r.tif 0.101250 0.093750 0.048333 0.057500
UC1380.171v.tif 0.101250 0.093750 0.065000 0.061667
UC1380.172r.tif 0.095000 0.110000 0.066667 0.064167
UC1380.172v.tif 0.095000 0.096250 0.072500 0.064167
UC1380.173r.tif 0.105000 0.096250 0.061667 0.067500
UC1380.173v.tif 0.081250 0.098750 0.067500 0.069167
UC1380.174r.tif 0.118750 0.091250 0.070833 0.063333
UC1380.174v.tif 0.080000 0.100000 0.075000 0.061667
UC1380.175r.tif 0.098750 0.108750 0.068333 0.066667
UC1380.175v.tif 0.083750 0.081250 0.071667 0.064167
UC1380.176r.tif 0.092500 0.105000 0.073333 0.070000
UC1380.176v.tif 0.103750 0.083750 0.068333 0.071667
UC1380.177r.tif 0.100746 0.090796 0.075833 0.071667
UC1380.177v.tif 0.076250 0.093750 0.068333 0.081667
UC1380.178r.tif 0.101250 0.087500 0.081667 0.068333
UC1380.178v.tif 0.070000 0.091250 0.067500 0.067500
UC1380.179r.tif 0.112500 0.065000 0.072500 0.074167
UC1380.179v.tif 0.075000 0.102500 0.058333 0.078333
UC1380.180r.tif 0.087500 0.090000 0.073333 0.063333
UC1380.180v.tif 0.077500 0.100000 0.065833 0.060000
UC1380.181r.tif 0.088750 0.088750 0.076667 0.055833
UC1380.181v.tif 0.088750 0.088750 0.069167 0.070000
UC1380.endmatter.flyleaf.01r.tif 0.080000 0.070000 0.080833 0.068333
UC1380.endmatter.flyleaf.01v.tif 0.088750 0.088750 0.069167 0.064167
UC1380.endmatter.flyleaf.02r.tif 0.080000 0.081683 0.092500 0.081667
UC1380.endmatter.flyleaf.02v.tif 0.065000 0.086250 0.069167 0.084167
UC1380.endmatter.flyleaf.03r.tif 0.063750 0.081683 0.080000 0.087500
UC1380.endmatter.flyleaf.03v.tif 0.091250 0.077500 0.090833 0.081667
UC1380.endmatter.flyleaf.04r.tif 0.096250 0.078750 0.085833 0.107500
UC1380.endmatter.flyleaf.04v.tif 0.091250 0.072500 0.090833 0.091667
UC1380.endmatter.flyleaf.05r.tif 0.091250 0.078750 0.091667 0.107500
UC1380.endmatter.flyleaf.05v.tif 0.091250 0.065000 0.090833 0.091667
UC1380.endmatter.pastedown.tif 0.063750 0.068750 0.080833 0.085000
UC1380.binding.backcover.tif 0.059406 0.077042 0.096667 0.091667
UC1380.misc.colorbarend.tif 0.208750 0.203750 0.163333 0.227500
UC1380.misc.colorbarstart.tif 0.176250 0.193750 0.220000 0.184167
