Francais380.binding.frontcover.tif 0.002227 0.008909 0.005000 0.009167
Francais380.frontmatter.pastedown.tif 0.002227 0.015909 0.005000 0.009167
Francais380.frontmatter.flyleaf.01r.tif 0.002227 0.012332 0.006667 0.005000
Francais380.frontmatter.flyleaf.01v.tif 0.011655 0.012821 0.006667 0.004167
Francais380.frontmatter.flyleaf.02r.tif 0.002227 0.011534 0.008333 0.007500
Francais380.frontmatter.flyleaf.02v.tif 0.011655 0.007126 0.007500 0.003333
Francais380.frontmatter.flyleaf.03r.tif 0.010490 0.012821 0.004167 0.007500
Francais380.frontmatter.flyleaf.03v.tif 0.009445 0.007126 0.007500 0.002500
Francais380.001r.tif 0.017045 0.012821 0.007500 0.005833
Francais380.001v.tif 0.009445 0.013064 0.007500 0.005000
Francais380.002r.tif 0.017045 0.010286 0.010000 0.005833
Francais380.002v.tif 0.009445 0.013064 0.008333 0.004167
Francais380.003r.tif 0.016873 0.010286 0.007500 0.005000
Francais380.003v.tif 0.009445 0.002398 0.008333 0.006667
Francais380.004r.tif 0.016873 0.010286 0.007500 0.007500
Francais380.004v.tif 0.013205 0.012005 0.008333 0.006667
Francais380.005r.tif 0.020134 0.010286 0.005000 0.005833
Francais380.005v.tif 0.010791 0.010791 0.008333 0.005833
Francais380.006r.tif 0.020134 0.010286 0.006667 0.005833
Francais380.006v.tif 0.007194 0.008393 0.008333 0.007500
Francais380.007r.tif 0.025814 0.010101 0.005833 0.005833
Francais380.007v.tif 0.013111 0.010727 0.008333 0.004167
Francais380.008r.tif 0.018120 0.012458 0.006667 0.009167
Francais380.008v.tif 0.009535 0.015495 0.008333 0.005833
Francais380.009r.tif 0.013699 0.010274 0.008333 0.006667
Francais380.009v.tif 0.009512 0.015458 0.006667 0.009167
Francais380.010r.tif 0.013699 0.012429 0.006667 0.006667
Francais380.010v.tif 0.010740 0.008353 0.006667 0.006667
Francais380.011r.tif 0.015801 0.012429 0.007500 0.005833
Francais380.011v.tif 0.013253 0.008353 0.007500 0.005000
Francais380.012r.tif 0.009143 0.012429 0.009167 0.005833
Francais380.012v.tif 0.011891 0.009512 0.009167 0.004167
Francais380.013r.tif 0.009143 0.009101 0.008333 0.005833
Francais380.013v.tif 0.007186 0.009581 0.005833 0.005000
Francais380.014r.tif 0.015608 0.008919 0.005833 0.005000
Francais380.014v.tif 0.005952 0.011905 0.006667 0.007500
Francais380.015r.tif 0.010169 0.006780 0.008333 0.005833
Francais380.015v.tif 0.011848 0.011848 0.008333 0.004167
Francais380.016r.tif 0.016930 0.011287 0.007500 0.006667
Francais380.016v.tif 0.008353 0.016706 0.007500 0.005833
Francais380.017r.tif 0.016930 0.007901 0.006667 0.007500
Francais380.017v.tif 0.013142 0.007168 0.006667 0.005833
Francais380.018r.tif 0.013544 0.009029 0.005833 0.004167
Francais380.018v.tif 0.008444 0.008444 0.009167 0.004167
Francais380.019r.tif 0.017998 0.011249 0.005833 0.007500
Francais380.019v.tif 0.010766 0.008444 0.006667 0.007500
Francais380.020r.tif 0.007973 0.004556 0.008333 0.007500
Francais380.020v.tif 0.008373 0.005981 0.008333 0.008333
Francais380.021r.tif 0.007973 0.011429 0.008333 0.007500
Francais380.021v.tif 0.008373 0.005981 0.005833 0.008333
Francais380.022r.tif 0.007973 0.006818 0.010000 0.003333
Francais380.022v.tif 0.006083 0.012165 0.008333 0.007500
Francais380.023r.tif 0.013730 0.011442 0.008333 0.008333
Francais380.023v.tif 0.011962 0.014354 0.006667 0.003333
Francais380.024r.tif 0.013730 0.010227 0.008333 0.009167
Francais380.024v.tif 0.007264 0.010896 0.006667 0.006667
Francais380.025r.tif 0.011377 0.010227 0.006667 0.008333
Francais380.025v.tif 0.009490 0.013049 0.008333 0.005000
Francais380.026r.tif 0.020270 0.010135 0.007500 0.008333
Francais380.026v.tif 0.009490 0.013126 0.009167 0.005833
Francais380.027r.tif 0.010333 0.005741 0.007500 0.008333
Francais380.027v.tif 0.011862 0.014235 0.007500 0.006667
Francais380.028r.tif 0.017007 0.006803 0.007500 0.005000
Francais380.028v.tif 0.004773 0.014320 0.006667 0.006667
Francais380.029r.tif 0.017007 0.010262 0.007500 0.010000
Francais380.029v.tif 0.009615 0.014320 0.008333 0.008333
Francais380.030r.tif 0.017007 0.010262 0.007500 0.009167
Francais380.030v.tif 0.009547 0.010740 0.006667 0.008333
Francais380.031r.tif 0.022573 0.013544 0.009167 0.005000
Francais380.031v.tif 0.012019 0.008413 0.009167 0.008333
Francais380.032r.tif 0.021438 0.007946 0.005000 0.007500
Francais380.032v.tif 0.008454 0.016908 0.007500 0.004167
Francais380.033r.tif 0.031390 0.006726 0.005000 0.007500
Francais380.033v.tif 0.009662 0.006039 0.009167 0.006667
Francais380.034r.tif 0.024859 0.012429 0.007500 0.009167
Francais380.034v.tif 0.007186 0.015569 0.006667 0.010000
Francais380.035r.tif 0.030440 0.010147 0.008333 0.008333
Francais380.035v.tif 0.007186 0.004779 0.007500 0.004167
Francais380.036r.tif 0.013793 0.011494 0.005833 0.006667
Francais380.036v.tif 0.007273 0.009697 0.006667 0.006667
Francais380.037r.tif 0.019209 0.010169 0.005833 0.007500
Francais380.037v.tif 0.007273 0.004813 0.006667 0.003333
Francais380.038r.tif 0.019209 0.010169 0.007500 0.008333
Francais380.038v.tif 0.007273 0.007255 0.006667 0.005000
Francais380.039r.tif 0.022624 0.006787 0.005000 0.005833
Francais380.039v.tif 0.007273 0.010843 0.007500 0.005000
Francais380.040r.tif 0.017026 0.009081 0.005000 0.005833
Francais380.040v.tif 0.007246 0.010870 0.005833 0.008333
Francais380.041r.tif 0.017026 0.010251 0.005833 0.005833
Francais380.041v.tif 0.010766 0.007177 0.008333 0.008333
Francais380.042r.tif 0.017026 0.010251 0.006667 0.005833
Francais380.042v.tif 0.010766 0.009467 0.008333 0.002500
Francais380.043r.tif 0.017026 0.009143 0.008333 0.005833
Francais380.043v.tif 0.010766 0.009467 0.008333 0.006667
Francais380.044r.tif 0.021640 0.009143 0.008333 0.007500
Francais380.044v.tif 0.010766 0.000000 0.005833 0.006667
Francais380.045r.tif 0.018412 0.008055 0.006667 0.007500
Francais380.045v.tif 0.010766 0.010830 0.007500 0.007500
Francais380.046r.tif 0.016148 0.009227 0.006667 0.007500
Francais380.046v.tif 0.008363 0.013142 0.007500 0.004167
Francais380.047r.tif 0.016148 0.009227 0.006667 0.005833
Francais380.047v.tif 0.009685 0.006053 0.007500 0.004167
Francais380.048r.tif 0.017299 0.010357 0.006667 0.006667
Francais380.048v.tif 0.009685 0.006053 0.007500 0.005833
Francais380.049r.tif 0.016055 0.010357 0.007500 0.008333
Francais380.049v.tif 0.010883 0.009674 0.006667 0.007500
Francais380.050r.tif 0.011561 0.005780 0.006667 0.005833
Francais380.050v.tif 0.008516 0.006083 0.008333 0.006667
Francais380.051r.tif 0.008083 0.009238 0.007500 0.008333
Francais380.051v.tif 0.008516 0.011806 0.008333 0.007500
Francais380.052r.tif 0.017162 0.009238 0.007500 0.007500
Francais380.052v.tif 0.010651 0.007101 0.009167 0.004167
Francais380.053r.tif 0.018328 0.005727 0.005833 0.006667
Francais380.053v.tif 0.003559 0.007101 0.008333 0.000833
Francais380.054r.tif 0.016018 0.013730 0.007500 0.005000
Francais380.054v.tif 0.010791 0.002398 0.005833 0.005833
Francais380.055r.tif 0.008140 0.010465 0.004167 0.007500
Francais380.055v.tif 0.006002 0.016807 0.008333 0.007500
Francais380.056r.tif 0.016204 0.006944 0.006667 0.003333
Francais380.056v.tif 0.009479 0.004739 0.005833 0.002500
Francais380.057r.tif 0.008140 0.004651 0.006667 0.005000
Francais380.057v.tif 0.008333 0.013095 0.007500 0.005000
Francais380.058r.tif 0.012821 0.010490 0.006667 0.006667
Francais380.058v.tif 0.009558 0.008363 0.007500 0.005000
Francais380.059r.tif 0.017381 0.008111 0.008333 0.002500
Francais380.059v.tif 0.009558 0.013142 0.006667 0.005000
Francais380.060r.tif 0.005828 0.010490 0.006667 0.003333
Francais380.060v.tif 0.007255 0.008464 0.006667 0.005000
Francais380.061r.tif 0.005828 0.010490 0.006667 0.005833
Francais380.061v.tif 0.010883 0.004837 0.007500 0.003333
Francais380.062r.tif 0.009313 0.008149 0.008333 0.006667
Francais380.062v.tif 0.005917 0.013018 0.008333 0.006667
Francais380.063r.tif 0.009313 0.005834 0.006667 0.006667
Francais380.063v.tif 0.010626 0.013018 0.010000 0.004167
Francais380.064r.tif 0.011587 0.008111 0.004167 0.003333
Francais380.064v.tif 0.010626 0.002372 0.006667 0.006667
Francais380.065r.tif 0.010551 0.008111 0.005833 0.004167
Francais380.065v.tif 0.005988 0.004790 0.009167 0.005000
Francais380.066r.tif 0.005814 0.010465 0.007500 0.005000
Francais380.066v.tif 0.010638 0.015366 0.007500 0.005833
Francais380.067r.tif 0.012835 0.005834 0.007500 0.006667
Francais380.067v.tif 0.010638 0.011848 0.007500 0.007500
Francais380.068r.tif 0.012835 0.005834 0.007500 0.002500
Francais380.068v.tif 0.009467 0.009467 0.006667 0.005000
Francais380.069r.tif 0.016607 0.003559 0.006667 0.006667
Francais380.069v.tif 0.011933 0.016706 0.007500 0.007500
Francais380.070r.tif 0.015550 0.007177 0.009167 0.006667
Francais380.070v.tif 0.010753 0.010753 0.007500 0.002500
Francais380.071r.tif 0.009615 0.009615 0.008333 0.006667
Francais380.071v.tif 0.004819 0.007229 0.008333 0.006667
Francais380.072r.tif 0.014320 0.010740 0.006667 0.006667
Francais380.072v.tif 0.010778 0.009581 0.008333 0.002500
Francais380.073r.tif 0.014320 0.010740 0.008333 0.008333
Francais380.073v.tif 0.009524 0.009581 0.008333 0.005000
Francais380.074r.tif 0.010689 0.007126 0.005833 0.003333
Francais380.074v.tif 0.011876 0.010689 0.007500 0.006667
Francais380.075r.tif 0.010689 0.009490 0.007500 0.005833
Francais380.075v.tif 0.011876 0.007067 0.005833 0.004167
Francais380.076r.tif 0.008304 0.010676 0.008333 0.006667
Francais380.076v.tif 0.009558 0.007067 0.008333 0.006667
Francais380.077r.tif 0.013221 0.008413 0.008333 0.007500
Francais380.077v.tif 0.010727 0.011919 0.007500 0.007500
Francais380.078r.tif 0.016647 0.008413 0.007500 0.007500
Francais380.078v.tif 0.008363 0.008363 0.007500 0.007500
Francais380.079r.tif 0.009535 0.009535 0.007500 0.007500
Francais380.079v.tif 0.009456 0.011998 0.008333 0.007500
Francais380.080r.tif 0.011862 0.009490 0.005833 0.004167
Francais380.080v.tif 0.009456 0.011998 0.005000 0.009167
Francais380.081r.tif 0.021226 0.009434 0.007500 0.008333
Francais380.081v.tif 0.009456 0.010791 0.008333 0.006667
Francais380.082r.tif 0.014218 0.010664 0.008333 0.003333
Francais380.082v.tif 0.007212 0.006010 0.005833 0.006667
Francais380.083r.tif 0.009490 0.007117 0.009167 0.001667
Francais380.083v.tif 0.010664 0.010664 0.007500 0.005000
Francais380.084r.tif 0.016490 0.008245 0.007500 0.008334
Francais380.084v.tif 0.012972 0.014151 0.005833 0.007500
Francais380.085r.tif 0.002381 0.009524 0.009167 0.006667
Francais380.085v.tif 0.009490 0.013049 0.007500 0.008333
Francais380.086r.tif 0.008333 0.007143 0.008333 0.006667
Francais380.086v.tif 0.005988 0.004790 0.007500 0.006667
Francais380.087r.tif 0.013126 0.005967 0.008333 0.007500
Francais380.087v.tif 0.010551 0.009379 0.006667 0.008333
Francais380.088r.tif 0.015366 0.009456 0.008333 0.007500
Francais380.088v.tif 0.010551 0.009379 0.007500 0.007500
Francais380.089r.tif 0.014218 0.005924 0.007500 0.007500
Francais380.089v.tif 0.007042 0.011737 0.008333 0.007500
Francais380.090r.tif 0.017710 0.010626 0.009167 0.006667
Francais380.090v.tif 0.009368 0.010539 0.005833 0.005833
Francais380.091r.tif 0.010753 0.007168 0.008333 0.006667
Francais380.091v.tif 0.010601 0.009423 0.007500 0.006667
Francais380.092r.tif 0.016607 0.008304 0.007500 0.007500
Francais380.092v.tif 0.011820 0.009423 0.006667 0.008333
Francais380.093r.tif 0.006010 0.006010 0.006667 0.007500
Francais380.093v.tif 0.008274 0.013002 0.008333 0.006667
Francais380.094r.tif 0.014218 0.010664 0.007500 0.005000
Francais380.094v.tif 0.010664 0.013002 0.009167 0.004167
Francais380.095r.tif 0.003593 0.010664 0.007500 0.005000
Francais380.095v.tif 0.008255 0.009434 0.007500 0.007500
Francais380.096r.tif 0.015385 0.008284 0.007500 0.006667
Francais380.096v.tif 0.011682 0.014019 0.007500 0.005833
Francais380.097r.tif 0.014151 0.011792 0.006667 0.006667
Francais380.097v.tif 0.007067 0.011779 0.006667 0.006667
Francais380.098r.tif 0.010676 0.011792 0.006667 0.008333
Francais380.098v.tif 0.007092 0.011779 0.006667 0.008333
Francais380.099r.tif 0.004796 0.005995 0.010000 0.005000
Francais380.099v.tif 0.004635 0.012746 0.005000 0.003333
Francais380.100r.tif 0.010753 0.008363 0.007500 0.006667
Francais380.100v.tif 0.010465 0.009302 0.006667 0.003333
Francais380.101r.tif 0.013095 0.009524 0.008333 0.006667
Francais380.101v.tif 0.008159 0.009324 0.006667 0.005833
Francais380.102r.tif 0.013095 0.008373 0.008333 0.002500
Francais380.102v.tif 0.011751 0.008226 0.009167 0.006667
Francais380.103r.tif 0.016867 0.008373 0.008333 0.007500
Francais380.103v.tif 0.009368 0.010539 0.009167 0.005000
Francais380.104r.tif 0.016867 0.006061 0.008333 0.008333
Francais380.104v.tif 0.009368 0.009379 0.009167 0.005000
Francais380.105r.tif 0.013221 0.006061 0.005833 0.003333
Francais380.105v.tif 0.009368 0.007009 0.007500 0.003333
Francais380.106r.tif 0.015550 0.008373 0.006667 0.005000
Francais380.106v.tif 0.009324 0.000000 0.008333 0.003333
Francais380.107r.tif 0.015476 0.009524 0.005833 0.006667
Francais380.107v.tif 0.009324 0.006977 0.005833 0.005833
Francais380.108r.tif 0.008363 0.009558 0.005833 0.006667
Francais380.108v.tif 0.009324 0.008111 0.005833 0.001667
Francais380.109r.tif 0.011976 0.009558 0.008333 0.004167
Francais380.109v.tif 0.005834 0.007001 0.007500 0.005000
Francais380.110r.tif 0.014252 0.009558 0.006667 0.002500
Francais380.110v.tif 0.007018 0.008187 0.010000 0.004167
Francais380.111r.tif 0.010778 0.010778 0.007500 0.005000
Francais380.111v.tif 0.006993 0.005828 0.005833 0.005833
Francais380.112r.tif 0.010778 0.010778 0.007500 0.004167
Francais380.112v.tif 0.006993 0.009335 0.009167 0.005833
Francais380.113r.tif 0.008454 0.008454 0.007500 0.005000
Francais380.113v.tif 0.009313 0.008171 0.008333 0.004167
Francais380.114r.tif 0.013080 0.008454 0.007500 0.005000
Francais380.114v.tif 0.005821 0.009313 0.006667 0.006667
Francais380.115r.tif 0.013080 0.010791 0.008333 0.003333
Francais380.115v.tif 0.007059 0.009313 0.005000 0.008333
Francais380.116r.tif 0.013080 0.007134 0.003333 0.003333
Francais380.116v.tif 0.009390 0.005869 0.008333 0.005000
Francais380.117r.tif 0.015476 0.007143 0.005000 0.005833
Francais380.117v.tif 0.005855 0.009368 0.006667 0.009167
Francais380.118r.tif 0.017815 0.008314 0.005000 0.006667
Francais380.118v.tif 0.009335 0.009368 0.009167 0.006667
Francais380.119r.tif 0.011976 0.007186 0.007500 0.006667
Francais380.119v.tif 0.002336 0.014019 0.005833 0.008333
Francais380.120r.tif 0.011976 0.009524 0.006667 0.008333
Francais380.120v.tif 0.009324 0.011655 0.009167 0.008333
Francais380.121r.tif 0.013111 0.011919 0.007500 0.008333
Francais380.121v.tif 0.007026 0.007026 0.007500 0.007500
Francais380.122r.tif 0.015403 0.009479 0.004167 0.005833
Francais380.122v.tif 0.008168 0.007026 0.007500 0.006667
Francais380.123r.tif 0.009569 0.009479 0.005000 0.005833
Francais380.123v.tif 0.004630 0.012731 0.004167 0.004167
Francais380.124r.tif 0.009569 0.009479 0.005833 0.005833
Francais380.124v.tif 0.004630 0.008206 0.005000 0.007500
Francais380.125r.tif 0.014337 0.005974 0.005833 0.006667
Francais380.125v.tif 0.005848 0.010526 0.007500 0.009167
Francais380.126r.tif 0.014337 0.011947 0.006667 0.007500
Francais380.126v.tif 0.010465 0.013953 0.005833 0.009167
Francais380.127r.tif 0.014337 0.011947 0.006667 0.007500
Francais380.127v.tif 0.010465 0.013953 0.007500 0.007500
Francais380.128r.tif 0.016746 0.009569 0.007500 0.007500
Francais380.128v.tif 0.010465 0.009401 0.007500 0.004167
Francais380.129r.tif 0.015532 0.007168 0.006667 0.007500
Francais380.129v.tif 0.008168 0.009335 0.007500 0.005833
Francais380.130r.tif 0.010856 0.006031 0.006667 0.007500
Francais380.130v.tif 0.008168 0.010539 0.009167 0.005833
Francais380.131r.tif 0.010856 0.007177 0.008333 0.007500
Francais380.131v.tif 0.008168 0.002353 0.007500 0.005000
Francais380.132r.tif 0.010856 0.009524 0.009167 0.009167
Francais380.132v.tif 0.008168 0.005875 0.009167 0.006667
Francais380.133r.tif 0.007117 0.009490 0.005833 0.005000
Francais380.133v.tif 0.005814 0.010465 0.007500 0.004167
Francais380.134r.tif 0.011834 0.011834 0.006667 0.005000
Francais380.134v.tif 0.009270 0.013905 0.010000 0.005833
Francais380.135r.tif 0.012987 0.011834 0.007500 0.005000
Francais380.135v.tif 0.009270 0.016148 0.008333 0.005833
Francais380.136r.tif 0.015366 0.011834 0.007500 0.006667
Francais380.136v.tif 0.005834 0.011669 0.009167 0.006667
Francais380.137r.tif 0.013080 0.011834 0.007500 0.006667
Francais380.137v.tif 0.011587 0.016222 0.006667 0.007500
Francais380.138r.tif 0.010740 0.011834 0.007500 0.007500
Francais380.138v.tif 0.005848 0.010526 0.008333 0.009167
Francais380.139r.tif 0.010740 0.008304 0.007500 0.003333
Francais380.139v.tif 0.011641 0.008149 0.005000 0.004167
Francais380.140r.tif 0.015294 0.009412 0.007500 0.010000
Francais380.140v.tif 0.008197 0.004684 0.008333 0.006667
Francais380.141r.tif 0.012956 0.007067 0.007500 0.005000
Francais380.141v.tif 0.009227 0.006920 0.006667 0.005833
Francais380.142r.tif 0.012956 0.008255 0.007500 0.005833
Francais380.142v.tif 0.010333 0.019518 0.008333 0.005833
Francais380.143r.tif 0.016568 0.010651 0.009167 0.007500
Francais380.143v.tif 0.008065 0.016129 0.008333 0.009167
Francais380.144r.tif 0.013002 0.009456 0.007500 0.007500
Francais380.144v.tif 0.011481 0.019518 0.008333 0.006667
Francais380.145r.tif 0.010714 0.009456 0.007500 0.010833
Francais380.145v.tif 0.008111 0.012746 0.006667 0.007500
Francais380.146r.tif 0.013033 0.010664 0.007500 0.011667
Francais380.146v.tif 0.010417 0.012731 0.009167 0.009167
Francais380.147r.tif 0.015458 0.007134 0.008333 0.010000
Francais380.147v.tif 0.002347 0.008216 0.007500 0.006667
Francais380.148r.tif 0.013018 0.011834 0.008333 0.010000
Francais380.148v.tif 0.010453 0.010453 0.009167 0.006667
Francais380.149r.tif 0.013018 0.009479 0.008333 0.007500
Francais380.149v.tif 0.009227 0.016148 0.007500 0.008333
Francais380.150r.tif 0.011862 0.004745 0.006667 0.005000
Francais380.150v.tif 0.009227 0.010539 0.007500 0.008333
Francais380.151r.tif 0.014168 0.009445 0.006667 0.009167
Francais380.151v.tif 0.011723 0.003517 0.009167 0.008333
Francais380.152r.tif 0.009456 0.009456 0.009167 0.009167
Francais380.152v.tif 0.008121 0.012761 0.004167 0.008333
Francais380.153r.tif 0.002356 0.004711 0.004167 0.004167
Francais380.153v.tif 0.008121 0.016241 0.008333 0.007500
Francais380.154r.tif 0.017281 0.009217 0.003333 0.007500
Francais380.154v.tif 0.008121 0.008197 0.006667 0.005833
Francais380.155r.tif 0.015187 0.009217 0.006667 0.004167
Francais380.155v.tif 0.011574 0.012731 0.005833 0.007500
Francais380.156r.tif 0.010551 0.007034 0.006667 0.006667
Francais380.156v.tif 0.007026 0.009368 0.008333 0.005000
Francais380.157r.tif 0.015187 0.009346 0.005833 0.007500
Francais380.157v.tif 0.010601 0.004711 0.006667 0.008333
Francais380.158r.tif 0.015187 0.010551 0.008333 0.008333
Francais380.158v.tif 0.010601 0.004711 0.004167 0.008333
Francais380.159r.tif 0.011765 0.005882 0.008333 0.007500
Francais380.159v.tif 0.010453 0.012776 0.007500 0.010000
Francais380.160r.tif 0.010591 0.010563 0.005000 0.003333
Francais380.160v.tif 0.010453 0.008235 0.008333 0.006667
Francais380.endmatter.flyleaf.01r.tif 0.010591 0.010563 0.004167 0.006667
Francais380.endmatter.flyleaf.01v.tif 0.010453 0.017361 0.005000 0.006667
Francais380.endmatter.flyleaf.02r.tif 0.010591 0.011416 0.009167 0.006667
Francais380.endmatter.flyleaf.02v.tif 0.010453 0.017361 0.007500 0.003333
Francais380.endmatter.flyleaf.03r.tif 0.010591 0.013453 0.008333 0.004167
Francais380.endmatter.flyleaf.03v.tif 0.010453 0.012791 0.007500 0.006667
Francais380.endmatter.flyleaf.04r.tif 0.010591 0.010033 0.005000 0.006667
Francais380.endmatter.flyleaf.04v.tif 0.010453 0.012791 0.009167 0.007500
Francais380.endmatter.pastedown.tif 0.010227 0.001136 0.007500 0.005833
Francais380.binding.backcover.tif 0.010022 0.007795 0.006667 0.007500
Francais380.binding.spine.tif 0.048485 0.054545 0.003333 0.010000
Francais380.misc.color.tif 0.006659 0.011099 0.011667 0.009167
