Ferrell.binding.frontcover.tif 0.037736 0.047725 0.028333 0.075000
Ferrell.frontmatter.flyleaf.01r.tif 0.037736 0.065483 0.045833 0.045000
Ferrell.frontmatter.flyleaf.01v.tif 0.052164 0.033297 0.025833 0.055000
Ferrell.frontmatter.flyleaf.02r.tif 0.037736 0.065483 0.045833 0.045000
Ferrell.frontmatter.flyleaf.02v.tif 0.052164 0.033297 0.025833 0.055000
Ferrell.001r.tif 0.034406 0.069922 0.065000 0.023333
Ferrell.001v.tif 0.134295 0.028857 0.041667 0.078333
Ferrell.002r.tif 0.039956 0.098779 0.059167 0.046667
Ferrell.002v.tif 0.135405 0.033296 0.036667 0.076667
Ferrell.003r.tif 0.037736 0.105438 0.061667 0.045833
Ferrell.003v.tif 0.134295 0.025527 0.040833 0.067500
Ferrell.004r.tif 0.039956 0.089900 0.066667 0.049167
Ferrell.004v.tif 0.133185 0.026637 0.041667 0.073333
Ferrell.005r.tif 0.042175 0.097669 0.067500 0.045000
Ferrell.005v.tif 0.116537 0.033296 0.040833 0.083333
Ferrell.006r.tif 0.045505 0.100999 0.065833 0.040833
Ferrell.006v.tif 0.120977 0.036626 0.040000 0.068333
Ferrell.007r.tif 0.054384 0.103219 0.069167 0.039167
Ferrell.007v.tif 0.118757 0.038846 0.046667 0.061667
Ferrell.008r.tif 0.041065 0.116537 0.073333 0.035000
Ferrell.008v.tif 0.127636 0.029967 0.045000 0.063333
Ferrell.009r.tif 0.044395 0.113208 0.061667 0.046667
Ferrell.009v.tif 0.125416 0.032186 0.047500 0.060833
Ferrell.010r.tif 0.046615 0.110988 0.069167 0.039167
Ferrell.010v.tif 0.120977 0.036626 0.050000 0.058333
Ferrell.011r.tif 0.045505 0.112098 0.067500 0.040833
Ferrell.011v.tif 0.127636 0.029967 0.044167 0.064167
Ferrell.012r.tif 0.046615 0.110988 0.055833 0.052500
Ferrell.012v.tif 0.133185 0.024417 0.045833 0.062500
Ferrell.013r.tif 0.044395 0.113208 0.055833 0.052500
Ferrell.013v.tif 0.128746 0.028857 0.044167 0.064167
Ferrell.014r.tif 0.051054 0.106548 0.054167 0.054167
Ferrell.014v.tif 0.127636 0.029967 0.046667 0.061667
Ferrell.015r.tif 0.046615 0.110988 0.072500 0.035833
Ferrell.015v.tif 0.134295 0.023307 0.045833 0.062500
Ferrell.016r.tif 0.048835 0.108768 0.071667 0.036667
Ferrell.016v.tif 0.118757 0.038846 0.051667 0.056667
Ferrell.017r.tif 0.045505 0.112098 0.070000 0.038333
Ferrell.017v.tif 0.129856 0.027747 0.049167 0.059167
Ferrell.018r.tif 0.048835 0.108768 0.074167 0.034167
Ferrell.018v.tif 0.139845 0.017758 0.049167 0.068333
Ferrell.019r.tif 0.054384 0.103219 0.075000 0.042500
Ferrell.019v.tif 0.148724 0.008879 0.050833 0.066667
Ferrell.020r.tif 0.053274 0.104329 0.072500 0.045000
Ferrell.020v.tif 0.146504 0.011099 0.044167 0.073333
Ferrell.021r.tif 0.056604 0.112098 0.072500 0.045000
Ferrell.021v.tif 0.148724 0.019978 0.050833 0.066667
Ferrell.022r.tif 0.056604 0.112098 0.056667 0.045833
Ferrell.022v.tif 0.147614 0.021088 0.051667 0.073333
Ferrell.023r.tif 0.054384 0.114317 0.055000 0.043333
Ferrell.023v.tif 0.147614 0.021088 0.049167 0.072500
Ferrell.024r.tif 0.055494 0.117647 0.054167 0.050000
Ferrell.024v.tif 0.149834 0.023307 0.050000 0.062500
Ferrell.025r.tif 0.059933 0.113208 0.060000 0.052500
Ferrell.025v.tif 0.149834 0.023307 0.055000 0.057500
Ferrell.026r.tif 0.061043 0.112098 0.055833 0.056667
Ferrell.026v.tif 0.149834 0.023307 0.055833 0.056667
Ferrell.027r.tif 0.068812 0.104329 0.055833 0.056667
Ferrell.027v.tif 0.153163 0.019978 0.053333 0.059167
Ferrell.028r.tif 0.053274 0.119867 0.056667 0.055833
Ferrell.028v.tif 0.163152 0.009989 0.050000 0.062500
Ferrell.029r.tif 0.056604 0.116537 0.067500 0.040000
Ferrell.029v.tif 0.153163 0.019978 0.052500 0.055000
Ferrell.030r.tif 0.056604 0.116537 0.068333 0.039167
Ferrell.030v.tif 0.140954 0.032186 0.065833 0.056667
Ferrell.031r.tif 0.057714 0.115427 0.070000 0.039167
Ferrell.031v.tif 0.142064 0.031077 0.069167 0.063333
Ferrell.032r.tif 0.059933 0.113208 0.072500 0.042500
Ferrell.032v.tif 0.148724 0.024417 0.066667 0.062500
Ferrell.033r.tif 0.058824 0.114317 0.066667 0.037500
Ferrell.033v.tif 0.147614 0.025527 0.065000 0.065000
Ferrell.034r.tif 0.059933 0.113208 0.065833 0.038333
Ferrell.034v.tif 0.149834 0.023307 0.057500 0.070000
Ferrell.035r.tif 0.054384 0.118757 0.072500 0.035000
Ferrell.035v.tif 0.154273 0.018868 0.063333 0.071667
Ferrell.036r.tif 0.047725 0.116537 0.070833 0.038333
Ferrell.036v.tif 0.155383 0.014428 0.060833 0.071667
Ferrell.037r.tif 0.055494 0.123196 0.071667 0.031667
Ferrell.037v.tif 0.156493 0.022198 0.062500 0.071667
Ferrell.038r.tif 0.058824 0.119867 0.066667 0.035000
Ferrell.038v.tif 0.160932 0.017758 0.062500 0.068333
Ferrell.039r.tif 0.055494 0.123196 0.073333 0.038333
Ferrell.039v.tif 0.155383 0.023307 0.056667 0.076667
Ferrell.040r.tif 0.047725 0.130966 0.056667 0.044167
Ferrell.040v.tif 0.149834 0.018868 0.058333 0.079167
Ferrell.041r.tif 0.044395 0.116537 0.052500 0.042500
Ferrell.041v.tif 0.155383 0.023307 0.054167 0.067500
Ferrell.042r.tif 0.052164 0.126526 0.055833 0.042500
Ferrell.042v.tif 0.152053 0.026637 0.061667 0.078333
Ferrell.043r.tif 0.031077 0.123196 0.053333 0.047500
Ferrell.043v.tif 0.165372 0.018868 0.059167 0.061667
Ferrell.044r.tif 0.038846 0.125416 0.050833 0.050000
Ferrell.044v.tif 0.156493 0.019978 0.057500 0.080000
Ferrell.045r.tif 0.026637 0.126526 0.062500 0.040833
Ferrell.045v.tif 0.155383 0.018868 0.057500 0.074167
Ferrell.046r.tif 0.038846 0.124306 0.060833 0.043333
Ferrell.046v.tif 0.162042 0.021088 0.055833 0.069167
Ferrell.047r.tif 0.047725 0.127636 0.059167 0.031667
Ferrell.047v.tif 0.158713 0.016648 0.050000 0.076667
Ferrell.048r.tif 0.045505 0.129856 0.062500 0.041667
Ferrell.048v.tif 0.154273 0.021088 0.062500 0.061667
Ferrell.049r.tif 0.046615 0.128746 0.057500 0.045000
Ferrell.049v.tif 0.164262 0.011099 0.057500 0.072500
Ferrell.050r.tif 0.028857 0.125416 0.056667 0.045833
Ferrell.050v.tif 0.154273 0.000000 0.055000 0.074167
Ferrell.051r.tif 0.019978 0.120977 0.065000 0.025000
Ferrell.051v.tif 0.162042 0.014428 0.058333 0.075000
Ferrell.052r.tif 0.023307 0.120977 0.065000 0.026667
Ferrell.052v.tif 0.155383 0.035516 0.075000 0.065833
Ferrell.053r.tif 0.021088 0.117647 0.066667 0.029167
Ferrell.053v.tif 0.153163 0.018868 0.057500 0.089167
Ferrell.054r.tif 0.032186 0.114317 0.058333 0.039167
Ferrell.054v.tif 0.147614 0.017758 0.057500 0.092500
Ferrell.055r.tif 0.028857 0.120977 0.060833 0.038333
Ferrell.055v.tif 0.149834 0.000000 0.057500 0.084167
Ferrell.056r.tif 0.036626 0.120977 0.060833 0.035000
Ferrell.056v.tif 0.153163 0.004440 0.055000 0.085000
Ferrell.057r.tif 0.029967 0.127636 0.060833 0.035833
Ferrell.057v.tif 0.157603 0.016648 0.055833 0.090000
Ferrell.058r.tif 0.035516 0.122087 0.063333 0.038333
Ferrell.058v.tif 0.157603 0.018868 0.055833 0.091667
Ferrell.059r.tif 0.036626 0.124306 0.064167 0.039167
Ferrell.059v.tif 0.170921 0.012209 0.052500 0.091667
Ferrell.060r.tif 0.043285 0.118757 0.062500 0.037500
Ferrell.060v.tif 0.159822 0.002220 0.052500 0.090000
Ferrell.061r.tif 0.041065 0.120977 0.062500 0.040833
Ferrell.061v.tif 0.159822 0.008879 0.049167 0.089167
Ferrell.062r.tif 0.037736 0.130966 0.065000 0.052500
Ferrell.062v.tif 0.159822 0.008879 0.050833 0.081667
Ferrell.063r.tif 0.046615 0.122087 0.061667 0.045833
Ferrell.063v.tif 0.150943 0.017758 0.047500 0.098333
Ferrell.064r.tif 0.046615 0.122087 0.060833 0.042500
Ferrell.064v.tif 0.158713 0.027747 0.046667 0.100000
Ferrell.065r.tif 0.059933 0.126526 0.060000 0.054167
Ferrell.065v.tif 0.158713 0.018868 0.046667 0.095833
Ferrell.066r.tif 0.037736 0.124306 0.040833 0.061667
Ferrell.066v.tif 0.162042 0.025527 0.042500 0.095833
Ferrell.067r.tif 0.039956 0.130966 0.040833 0.068333
Ferrell.067v.tif 0.158713 0.012209 0.045833 0.093333
Ferrell.068r.tif 0.046615 0.124306 0.040833 0.071667
Ferrell.068v.tif 0.162042 0.037736 0.063333 0.086667
Ferrell.069r.tif 0.035516 0.118757 0.043333 0.055833
Ferrell.069v.tif 0.162042 0.029967 0.064167 0.080000
Ferrell.070r.tif 0.044395 0.122087 0.040000 0.065833
Ferrell.070v.tif 0.166482 0.027747 0.060833 0.086667
Ferrell.071r.tif 0.053274 0.119867 0.042500 0.066667
Ferrell.071v.tif 0.152053 0.021088 0.060833 0.080833
Ferrell.072r.tif 0.045505 0.127636 0.038333 0.064167
Ferrell.072v.tif 0.156493 0.016648 0.050000 0.095833
Ferrell.073r.tif 0.051054 0.122087 0.039167 0.061667
Ferrell.073v.tif 0.159822 0.024417 0.052500 0.093333
Ferrell.074r.tif 0.047725 0.116537 0.040833 0.065000
Ferrell.074v.tif 0.164262 0.032186 0.055000 0.090833
Ferrell.075r.tif 0.056604 0.125416 0.044167 0.060000
Ferrell.075v.tif 0.168701 0.013319 0.054167 0.090833
Ferrell.076r.tif 0.058824 0.123196 0.043333 0.060833
Ferrell.076v.tif 0.177580 0.044395 0.063333 0.084167
Ferrell.077r.tif 0.061043 0.126526 0.044167 0.062500
Ferrell.077v.tif 0.174251 0.013319 0.062500 0.085833
Ferrell.078r.tif 0.058824 0.119867 0.035833 0.070833
Ferrell.078v.tif 0.169811 0.008879 0.060833 0.080000
Ferrell.079r.tif 0.059933 0.118757 0.035000 0.073333
Ferrell.079v.tif 0.175361 0.023307 0.062500 0.086667
Ferrell.080r.tif 0.062153 0.114317 0.060000 0.048333
Ferrell.080v.tif 0.170921 0.005549 0.065000 0.084167
Ferrell.081r.tif 0.055494 0.120977 0.055833 0.046667
Ferrell.081v.tif 0.165372 0.011099 0.058333 0.081667
Ferrell.082r.tif 0.044395 0.132075 0.061667 0.047500
Ferrell.082v.tif 0.176471 0.000000 0.060000 0.073333
Ferrell.083r.tif 0.039956 0.136515 0.060000 0.056667
Ferrell.083v.tif 0.176471 0.025527 0.058333 0.083333
Ferrell.084r.tif 0.034406 0.136515 0.080833 0.053333
Ferrell.084v.tif 0.179800 0.014428 0.057500 0.075000
Ferrell.085r.tif 0.045505 0.148724 0.080000 0.052500
Ferrell.085v.tif 0.180910 0.013319 0.056667 0.075833
Ferrell.086r.tif 0.024417 0.147614 0.079167 0.053333
Ferrell.086v.tif 0.182020 0.015538 0.054167 0.077500
Ferrell.087r.tif 0.025527 0.154273 0.079167 0.051667
Ferrell.087v.tif 0.179800 0.016648 0.058333 0.084167
Ferrell.088r.tif 0.026637 0.149834 0.080000 0.049167
Ferrell.088v.tif 0.188679 0.011099 0.059167 0.085833
Ferrell.089r.tif 0.027747 0.150943 0.071667 0.064167
Ferrell.089v.tif 0.142064 0.036626 0.070833 0.065000
Ferrell.090r.tif 0.029967 0.148724 0.068333 0.067500
Ferrell.090v.tif 0.150943 0.027747 0.041667 0.094167
Ferrell.091r.tif 0.028857 0.149834 0.070000 0.065833
Ferrell.091v.tif 0.150943 0.027747 0.041667 0.094167
Ferrell.092r.tif 0.031077 0.147614 0.084167 0.051667
Ferrell.092v.tif 0.165372 0.013319 0.055833 0.080000
Ferrell.093r.tif 0.035516 0.143174 0.082500 0.053333
Ferrell.093v.tif 0.148724 0.029967 0.057500 0.078333
Ferrell.094r.tif 0.036626 0.142064 0.080000 0.055833
Ferrell.094v.tif 0.147614 0.031077 0.053333 0.082500
Ferrell.095r.tif 0.038846 0.139845 0.080000 0.055833
Ferrell.095v.tif 0.149834 0.028857 0.050833 0.085000
Ferrell.096r.tif 0.041065 0.137625 0.087500 0.048333
Ferrell.096v.tif 0.148724 0.029967 0.050000 0.085833
Ferrell.097r.tif 0.039956 0.138735 0.085833 0.050000
Ferrell.097v.tif 0.155383 0.023307 0.050000 0.085833
Ferrell.098r.tif 0.035516 0.143174 0.086667 0.049167
Ferrell.098v.tif 0.156493 0.022198 0.049167 0.086667
Ferrell.099r.tif 0.044395 0.134295 0.085833 0.050000
Ferrell.099v.tif 0.158713 0.019978 0.050833 0.085000
Ferrell.100r.tif 0.041065 0.137625 0.072500 0.063333
Ferrell.100v.tif 0.156493 0.022198 0.055000 0.080833
Ferrell.101r.tif 0.043285 0.135405 0.070833 0.065000
Ferrell.101v.tif 0.160932 0.017758 0.059167 0.076667
Ferrell.102r.tif 0.041065 0.137625 0.068333 0.067500
Ferrell.102v.tif 0.160932 0.017758 0.058333 0.077500
Ferrell.103r.tif 0.039956 0.138735 0.068333 0.067500
Ferrell.103v.tif 0.154273 0.024417 0.060000 0.075833
Ferrell.104r.tif 0.048065 0.137625 0.063333 0.069250
Ferrell.104v.tif 0.158713 0.019978 0.059167 0.076667
Ferrell.105r.tif 0.043285 0.135405 0.064167 0.071667
Ferrell.105v.tif 0.157603 0.021088 0.059167 0.076667
Ferrell.106r.tif 0.044395 0.134295 0.066667 0.069167
Ferrell.106v.tif 0.154273 0.024417 0.057500 0.078333
Ferrell.107r.tif 0.048835 0.129856 0.066667 0.069167
Ferrell.107v.tif 0.160932 0.017758 0.058333 0.077500
Ferrell.108r.tif 0.044395 0.134295 0.068333 0.067500
Ferrell.108v.tif 0.160932 0.017758 0.053333 0.082500
Ferrell.109r.tif 0.039956 0.138735 0.069167 0.066667
Ferrell.109v.tif 0.157603 0.021088 0.054167 0.081667
Ferrell.110r.tif 0.044395 0.134295 0.062500 0.073333
Ferrell.110v.tif 0.159822 0.018868 0.051667 0.084167
Ferrell.111r.tif 0.038846 0.129856 0.063333 0.072500
Ferrell.111v.tif 0.159822 0.008879 0.055000 0.080833
Ferrell.112r.tif 0.036626 0.132075 0.066667 0.069167
Ferrell.112v.tif 0.160932 0.007769 0.050833 0.085000
Ferrell.113r.tif 0.041065 0.127636 0.065833 0.070000
Ferrell.113v.tif 0.160932 0.007769 0.051667 0.084167
Ferrell.114r.tif 0.041065 0.127636 0.069167 0.066667
Ferrell.114v.tif 0.168701 0.000000 0.052500 0.083333
Ferrell.115r.tif 0.038846 0.129856 0.065000 0.070833
Ferrell.115v.tif 0.164262 0.004440 0.053333 0.082500
Ferrell.116r.tif 0.052164 0.116537 0.073333 0.062500
Ferrell.116v.tif 0.125416 0.078801 0.059167 0.076667
Ferrell.117r.tif 0.043285 0.132075 0.071667 0.056667
Ferrell.117v.tif 0.116537 0.079911 0.051667 0.076667
Ferrell.118r.tif 0.038846 0.116537 0.074167 0.054167
Ferrell.118v.tif 0.155383 0.035516 0.040000 0.080000
Ferrell.119r.tif 0.032186 0.129856 0.071667 0.053333
Ferrell.119v.tif 0.155383 0.045505 0.044167 0.084167
Ferrell.120r.tif 0.027747 0.130966 0.074167 0.054167
Ferrell.120v.tif 0.158713 0.041065 0.045000 0.084167
Ferrell.121r.tif 0.027747 0.129856 0.080000 0.049167
Ferrell.121v.tif 0.149834 0.035516 0.045000 0.084167
Ferrell.122r.tif 0.029967 0.123196 0.079167 0.050000
Ferrell.122v.tif 0.160932 0.042175 0.048333 0.079167
Ferrell.123r.tif 0.033296 0.123196 0.072500 0.055000
Ferrell.123v.tif 0.159822 0.045505 0.049167 0.079167
Ferrell.124r.tif 0.035516 0.123196 0.073333 0.055000
Ferrell.124v.tif 0.157603 0.043285 0.060000 0.072500
Ferrell.125r.tif 0.027747 0.122087 0.070833 0.061667
Ferrell.125v.tif 0.159822 0.029967 0.057500 0.069167
Ferrell.126r.tif 0.025527 0.120977 0.070000 0.056667
Ferrell.126v.tif 0.154273 0.029967 0.053333 0.067500
Ferrell.127r.tif 0.035516 0.118757 0.073333 0.047500
Ferrell.127v.tif 0.155383 0.031077 0.050000 0.076667
Ferrell.128r.tif 0.038846 0.129856 0.071667 0.055000
Ferrell.128v.tif 0.154273 0.028857 0.050000 0.076667
Ferrell.129r.tif 0.046615 0.116537 0.075833 0.050833
Ferrell.129v.tif 0.157603 0.025527 0.051667 0.074167
Ferrell.130r.tif 0.043285 0.130966 0.074167 0.051667
Ferrell.130v.tif 0.149834 0.024417 0.050000 0.075833
Ferrell.131r.tif 0.043285 0.112098 0.077500 0.048333
Ferrell.131v.tif 0.149834 0.021088 0.047500 0.078333
Ferrell.132r.tif 0.042175 0.114317 0.072500 0.053333
Ferrell.132v.tif 0.153163 0.022198 0.054167 0.076667
Ferrell.133r.tif 0.048835 0.116537 0.079167 0.051667
Ferrell.133v.tif 0.153163 0.021088 0.058333 0.071667
Ferrell.134r.tif 0.043285 0.114317 0.072500 0.057500
Ferrell.134v.tif 0.147614 0.028857 0.045000 0.085000
Ferrell.135r.tif 0.071032 0.105438 0.073333 0.056667
Ferrell.135v.tif 0.148724 0.027747 0.053333 0.076667
Ferrell.136r.tif 0.053274 0.115427 0.079167 0.046667
Ferrell.136v.tif 0.154273 0.013319 0.056667 0.079167
Ferrell.137r.tif 0.042175 0.107658 0.075000 0.058333
Ferrell.137v.tif 0.147614 0.016648 0.055833 0.088333
Ferrell.endmatter.flyleaf.01r.tif 0.024417 0.064373 0.060000 0.020000
Ferrell.endmatter.flyleaf.01v.tif 0.133185 0.016648 0.040000 0.077500
Ferrell.endmatter.flyleaf.02r.tif 0.024417 0.064373 0.060000 0.020000
Ferrell.endmatter.flyleaf.02v.tif 0.133185 0.016648 0.040000 0.077500
Ferrell.binding.backcover.tif 0.056604 0.032186 0.047500 0.042500
Ferrell.endmatter.pastedown.tif 0.044395 0.073252 0.047500 0.016667
Ferrell.frontmatter.pastedown.tif 0.064373 0.024417 0.037500 0.045000
Ferrell.misc.colorbar.001.tif 0.088790 0.099889 0.025000 0.090833
Ferrell.misc.colorbar.002.tif 0.079911 0.008879 0.029167 0.053333
Ferrell.misc.colorbar.003.tif 0.088790 0.099889 0.025000 0.090833
Ferrell.misc.colorbar.004.tif 0.079911 0.008879 0.029167 0.053333
Ferrell.misc.colorbar.005.tif 0.071032 0.000000 0.061667 0.047500
