Francais1558.binding.frontcover.tif 0.004695 0.012911 0.010000 0.010833
Francais1558.frontmatter.pastedown.tif 0.012881 0.031616 0.009167 0.013333
Francais1558.frontmatter.flyleaf.01r.tif 0.012195 0.014634 0.008333 0.007500
Francais1558.frontmatter.flyleaf.01v.tif 0.012881 0.019632 0.010833 0.007500
Francais1558.frontmatter.flyleaf.02r.tif 0.014815 0.013580 0.010000 0.010833
Francais1558.frontmatter.flyleaf.02v.tif 0.018473 0.024631 0.010833 0.005833
Francais1558.001r.tif 0.019656 0.013580 0.006667 0.007500
Francais1558.001v.tif 0.013854 0.012594 0.008333 0.005833
Francais1558.002r.tif 0.012516 0.012516 0.007500 0.008333
Francais1558.002v.tif 0.008895 0.012594 0.006667 0.006667
Francais1558.003r.tif 0.011278 0.008772 0.007500 0.005833
Francais1558.003v.tif 0.011436 0.016518 0.010000 0.006667
Francais1558.004r.tif 0.010114 0.013906 0.008333 0.010833
Francais1558.004v.tif 0.012788 0.016518 0.010000 0.008333
Francais1558.005r.tif 0.013871 0.013906 0.010833 0.008333
Francais1558.005v.tif 0.015306 0.016518 0.008333 0.011667
Francais1558.006r.tif 0.011292 0.011292 0.010833 0.010000
Francais1558.006v.tif 0.011568 0.016710 0.010833 0.008333
Francais1558.007r.tif 0.011292 0.013924 0.009167 0.010000
Francais1558.007v.tif 0.016710 0.015424 0.009167 0.008333
Francais1558.008r.tif 0.008940 0.012771 0.011667 0.011667
Francais1558.008v.tif 0.014175 0.015424 0.010000 0.009167
Francais1558.009r.tif 0.013854 0.013854 0.009167 0.010000
Francais1558.009v.tif 0.011598 0.015424 0.010000 0.009167
Francais1558.010r.tif 0.013854 0.012500 0.009167 0.009167
Francais1558.010v.tif 0.014049 0.015424 0.008333 0.005833
Francais1558.011r.tif 0.011436 0.012500 0.010000 0.010833
Francais1558.011v.tif 0.013819 0.010050 0.009167 0.005000
Francais1558.012r.tif 0.016311 0.012500 0.009167 0.007500
Francais1558.012v.tif 0.013819 0.015464 0.008333 0.008333
Francais1558.013r.tif 0.011509 0.012500 0.009167 0.008333
Francais1558.013v.tif 0.011378 0.018963 0.007500 0.008333
Francais1558.014r.tif 0.015326 0.012500 0.010833 0.009167
Francais1558.014v.tif 0.012771 0.016603 0.011667 0.009167
Francais1558.015r.tif 0.015326 0.012500 0.010833 0.009167
Francais1558.015v.tif 0.012771 0.014085 0.008333 0.008333
Francais1558.016r.tif 0.011494 0.015326 0.010000 0.009167
Francais1558.016v.tif 0.014049 0.012771 0.009167 0.009167
Francais1558.017r.tif 0.014066 0.010230 0.009167 0.007500
Francais1558.017v.tif 0.014049 0.014103 0.008333 0.008333
Francais1558.018r.tif 0.014066 0.008940 0.007500 0.009167
Francais1558.018v.tif 0.010230 0.014103 0.009167 0.008333
Francais1558.019r.tif 0.010270 0.011553 0.010000 0.010000
Francais1558.019v.tif 0.015228 0.012690 0.009167 0.005833
Francais1558.020r.tif 0.010270 0.011553 0.010000 0.010000
Francais1558.020v.tif 0.011494 0.016603 0.008333 0.007500
Francais1558.021r.tif 0.010270 0.011553 0.009167 0.010000
Francais1558.021v.tif 0.011494 0.012903 0.008333 0.006667
Francais1558.022r.tif 0.015484 0.011553 0.010833 0.010000
Francais1558.022v.tif 0.011583 0.016731 0.007500 0.007500
Francais1558.023r.tif 0.011613 0.011553 0.010000 0.009167
Francais1558.023v.tif 0.011719 0.014323 0.008333 0.008333
Francais1558.024r.tif 0.018088 0.011553 0.008333 0.009167
Francais1558.024v.tif 0.014360 0.014323 0.008333 0.008333
Francais1558.025r.tif 0.018088 0.011553 0.008333 0.005000
Francais1558.025v.tif 0.014360 0.018041 0.008333 0.008333
Francais1558.026r.tif 0.021795 0.011553 0.009167 0.009167
Francais1558.026v.tif 0.015524 0.018041 0.008333 0.009167
Francais1558.027r.tif 0.016818 0.010349 0.007500 0.010833
Francais1558.027v.tif 0.015524 0.016861 0.010000 0.009167
Francais1558.028r.tif 0.014157 0.011583 0.005833 0.008333
Francais1558.028v.tif 0.010458 0.013072 0.010833 0.009167
Francais1558.029r.tif 0.010390 0.010390 0.006667 0.007500
Francais1558.029v.tif 0.014249 0.011658 0.008333 0.006667
Francais1558.030r.tif 0.010390 0.010390 0.006667 0.007500
Francais1558.030v.tif 0.014249 0.014360 0.008333 0.006667
Francais1558.031r.tif 0.012987 0.014286 0.007500 0.007500
Francais1558.031v.tif 0.012674 0.021546 0.006667 0.005000
Francais1558.032r.tif 0.011796 0.010485 0.009167 0.008333
Francais1558.032v.tif 0.013977 0.019060 0.008333 0.008333
Francais1558.033r.tif 0.009091 0.014286 0.009167 0.010000
Francais1558.033v.tif 0.013977 0.015666 0.010000 0.009167
Francais1558.034r.tif 0.010499 0.011811 0.008333 0.005833
Francais1558.034v.tif 0.010485 0.018349 0.007500 0.005000
Francais1558.035r.tif 0.014417 0.011811 0.008333 0.007500
Francais1558.035v.tif 0.013158 0.018349 0.008333 0.009167
Francais1558.036r.tif 0.014417 0.007833 0.007500 0.004167
Francais1558.036v.tif 0.013158 0.018349 0.011667 0.005000
Francais1558.037r.tif 0.014417 0.013021 0.009167 0.010000
Francais1558.037v.tif 0.010230 0.016624 0.008333 0.005833
Francais1558.038r.tif 0.015645 0.010430 0.008333 0.008333
Francais1558.038v.tif 0.003881 0.010349 0.004167 0.003333
Francais1558.039r.tif 0.013298 0.010430 0.008333 0.005833
Francais1558.039v.tif 0.007742 0.014194 0.006667 0.004167
Francais1558.040r.tif 0.010568 0.014531 0.008333 0.007500
Francais1558.040v.tif 0.011568 0.014139 0.010000 0.006667
Francais1558.041r.tif 0.010568 0.015666 0.010000 0.008333
Francais1558.041v.tif 0.013995 0.015267 0.007500 0.005833
Francais1558.042r.tif 0.010568 0.011780 0.009167 0.008333
Francais1558.042v.tif 0.012723 0.012723 0.005833 0.005833
Francais1558.043r.tif 0.010568 0.010526 0.009167 0.005833
Francais1558.043v.tif 0.010139 0.017744 0.007500 0.002500
Francais1558.044r.tif 0.015605 0.014304 0.008333 0.005833
Francais1558.044v.tif 0.005148 0.007722 0.003333 0.002500
Francais1558.045r.tif 0.009138 0.014360 0.010000 0.006667
Francais1558.045v.tif 0.014085 0.015391 0.009167 0.008333
Francais1558.046r.tif 0.009138 0.014360 0.010000 0.009167
Francais1558.046v.tif 0.020513 0.006410 0.010833 0.010000
Francais1558.047r.tif 0.010499 0.013123 0.010000 0.006667
Francais1558.047v.tif 0.017812 0.016539 0.010000 0.008333
Francais1558.048r.tif 0.007916 0.013123 0.009167 0.006667
Francais1558.048v.tif 0.011450 0.015267 0.007500 0.005833
Francais1558.049r.tif 0.011811 0.014436 0.009167 0.007500
Francais1558.049v.tif 0.016539 0.016539 0.010833 0.010000
Francais1558.050r.tif 0.011749 0.011749 0.009167 0.008333
Francais1558.050v.tif 0.017722 0.013924 0.006667 0.006667
Francais1558.051r.tif 0.003979 0.013263 0.009167 0.006667
Francais1558.051v.tif 0.016710 0.011568 0.009167 0.009167
Francais1558.052r.tif 0.016839 0.007772 0.009167 0.008333
Francais1558.052v.tif 0.014031 0.011568 0.010833 0.005833
Francais1558.053r.tif 0.013038 0.011734 0.008333 0.006667
Francais1558.053v.tif 0.011278 0.016291 0.007500 0.005833
Francais1558.054r.tif 0.013038 0.007853 0.008333 0.006667
Francais1558.054v.tif 0.016539 0.012723 0.009167 0.007500
Francais1558.055r.tif 0.014286 0.010390 0.009167 0.009167
Francais1558.055v.tif 0.011524 0.014085 0.009167 0.010000
Francais1558.056r.tif 0.011827 0.010390 0.009167 0.005000
Francais1558.056v.tif 0.013889 0.017677 0.008333 0.006667
Francais1558.057r.tif 0.011811 0.006562 0.006667 0.007500
Francais1558.057v.tif 0.011889 0.013210 0.010000 0.007500
Francais1558.058r.tif 0.010582 0.009259 0.010833 0.005833
Francais1558.058v.tif 0.023499 0.018277 0.010000 0.048333
Francais1558.059r.tif 0.010582 0.010568 0.006667 0.007500
Francais1558.059v.tif 0.011936 0.015915 0.009167 0.007500
Francais1558.060r.tif 0.012987 0.014286 0.005833 0.007500
Francais1558.060v.tif 0.014550 0.013228 0.011667 0.009167
Francais1558.061r.tif 0.012987 0.007947 0.009167 0.006667
Francais1558.061v.tif 0.016497 0.017766 0.011667 0.007500
Francais1558.062r.tif 0.012987 0.013175 0.005833 0.007500
Francais1558.062v.tif 0.016497 0.018494 0.010000 0.005833
Francais1558.063r.tif 0.012987 0.011842 0.010000 0.006667
Francais1558.063v.tif 0.013263 0.018494 0.008333 0.008333
Francais1558.064r.tif 0.015748 0.013123 0.010000 0.007500
Francais1558.064v.tif 0.011984 0.015979 0.010000 0.008333
Francais1558.065r.tif 0.015686 0.013072 0.006667 0.006667
Francais1558.065v.tif 0.011984 0.014512 0.009167 0.006667
Francais1558.066r.tif 0.005249 0.013072 0.007500 0.007500
Francais1558.066v.tif 0.015769 0.013141 0.009167 0.010000
Francais1558.067r.tif 0.013123 0.013123 0.009167 0.010000
Francais1558.067v.tif 0.014608 0.015936 0.009167 0.008333
Francais1558.068r.tif 0.003942 0.007884 0.007500 0.008333
Francais1558.068v.tif 0.011480 0.008929 0.007500 0.007500
Francais1558.069r.tif 0.011905 0.009259 0.010000 0.010000
Francais1558.069v.tif 0.016582 0.008929 0.010833 0.013333
Francais1558.070r.tif 0.009198 0.010512 0.009167 0.004167
Francais1558.070v.tif 0.016582 0.013333 0.009167 0.006667
Francais1558.071r.tif 0.011719 0.010512 0.008333 0.005000
Francais1558.071v.tif 0.013351 0.017356 0.009167 0.005000
Francais1558.072r.tif 0.007833 0.009138 0.011667 0.006667
Francais1558.072v.tif 0.010568 0.009247 0.010833 0.008333
Francais1558.073r.tif 0.013158 0.010526 0.010000 0.009167
Francais1558.073v.tif 0.009358 0.016043 0.009167 0.005000
Francais1558.074r.tif 0.009162 0.014398 0.010000 0.002500
Francais1558.074v.tif 0.013280 0.014608 0.007500 0.006667
Francais1558.075r.tif 0.011811 0.011811 0.010000 0.006667
Francais1558.075v.tif 0.014628 0.013298 0.006667 0.005000
Francais1558.076r.tif 0.011811 0.011811 0.010000 0.005000
Francais1558.076v.tif 0.011827 0.013298 0.010000 0.009167
Francais1558.077r.tif 0.011811 0.011811 0.010000 0.007500
Francais1558.077v.tif 0.009211 0.014474 0.010000 0.006667
Francais1558.078r.tif 0.011811 0.011811 0.008333 0.008333
Francais1558.078v.tif 0.015936 0.014474 0.010000 0.009167
Francais1558.079r.tif 0.006562 0.013123 0.008333 0.005833
Francais1558.079v.tif 0.013263 0.014474 0.008333 0.007500
Francais1558.080r.tif 0.017016 0.011780 0.008333 0.006667
Francais1558.080v.tif 0.013263 0.014474 0.008333 0.005833
Francais1558.081r.tif 0.012987 0.011688 0.010833 0.005000
Francais1558.081v.tif 0.016993 0.011765 0.009167 0.006667
Francais1558.082r.tif 0.016796 0.014212 0.010833 0.005833
Francais1558.082v.tif 0.014474 0.011842 0.009167 0.010000
Francais1558.083r.tif 0.007884 0.014212 0.009167 0.006667
Francais1558.083v.tif 0.014474 0.015707 0.009167 0.005000
Francais1558.084r.tif 0.014249 0.011658 0.009167 0.006667
Francais1558.084v.tif 0.010458 0.007843 0.007500 0.007500
Francais1558.085r.tif 0.014249 0.007843 0.009167 0.008333
Francais1558.085v.tif 0.011905 0.014550 0.010000 0.008333
Francais1558.086r.tif 0.014249 0.013106 0.008333 0.006667
Francais1558.086v.tif 0.013210 0.009247 0.008333 0.009167
Francais1558.087r.tif 0.011749 0.013106 0.010833 0.004167
Francais1558.087v.tif 0.009198 0.010512 0.008333 0.006667
Francais1558.088r.tif 0.018301 0.009150 0.008333 0.008333
Francais1558.088v.tif 0.012610 0.020177 0.013333 0.009167
Francais1558.089r.tif 0.018301 0.009150 0.007500 0.006667
Francais1558.089v.tif 0.011719 0.011719 0.006667 0.005000
Francais1558.090r.tif 0.018301 0.015605 0.008333 0.006667
Francais1558.090v.tif 0.013210 0.011889 0.008333 0.006667
Francais1558.091r.tif 0.015852 0.013210 0.009167 0.006667
Francais1558.091v.tif 0.009247 0.009247 0.007500 0.005833
Francais1558.092r.tif 0.014531 0.013210 0.009167 0.007500
Francais1558.092v.tif 0.014417 0.014417 0.007500 0.007500
Francais1558.093r.tif 0.014531 0.012032 0.009167 0.006667
Francais1558.093v.tif 0.014417 0.018421 0.010833 0.006667
Francais1558.094r.tif 0.014531 0.012032 0.010000 0.006667
Francais1558.094v.tif 0.014417 0.013175 0.009167 0.005000
Francais1558.095r.tif 0.009259 0.013228 0.009167 0.007500
Francais1558.095v.tif 0.014417 0.013175 0.008333 0.009167
Francais1558.096r.tif 0.014570 0.013228 0.008333 0.008333
Francais1558.096v.tif 0.014417 0.015727 0.005833 0.008333
Francais1558.097r.tif 0.015727 0.011796 0.009167 0.005833
Francais1558.097v.tif 0.014417 0.009162 0.006667 0.006667
Francais1558.098r.tif 0.018349 0.014417 0.010000 0.005833
Francais1558.098v.tif 0.013106 0.013106 0.010000 0.006667
Francais1558.099r.tif 0.014531 0.011889 0.010000 0.009167
Francais1558.099v.tif 0.013106 0.013871 0.010833 0.010000
Francais1558.100r.tif 0.019634 0.009162 0.005833 0.007500
Francais1558.100v.tif 0.013106 0.013871 0.009167 0.009167
Francais1558.101r.tif 0.014570 0.010596 0.010833 0.007500
Francais1558.101v.tif 0.013106 0.016993 0.009167 0.009167
Francais1558.102r.tif 0.014570 0.013210 0.011667 0.005833
Francais1558.102v.tif 0.013106 0.009162 0.009167 0.006667
Francais1558.103r.tif 0.014570 0.006562 0.005833 0.005000
Francais1558.103v.tif 0.013106 0.005242 0.009167 0.005833
Francais1558.104r.tif 0.014570 0.009223 0.009167 0.007500
Francais1558.104v.tif 0.009186 0.005242 0.007500 0.005833
Francais1558.105r.tif 0.007916 0.009223 0.009167 0.007500
Francais1558.105v.tif 0.016905 0.010403 0.008333 0.008333
Francais1558.106r.tif 0.014493 0.011858 0.011667 0.008333
Francais1558.106v.tif 0.012953 0.012953 0.008333 0.006667
Francais1558.107r.tif 0.010624 0.011858 0.010000 0.006667
Francais1558.107v.tif 0.012953 0.012953 0.010833 0.008333
Francais1558.108r.tif 0.014550 0.011858 0.010000 0.008333
Francais1558.108v.tif 0.012953 0.014360 0.010833 0.008333
Francais1558.109r.tif 0.010596 0.011858 0.010833 0.008333
Francais1558.109v.tif 0.010417 0.010417 0.010000 0.007500
Francais1558.110r.tif 0.017219 0.009272 0.007500 0.009167
Francais1558.110v.tif 0.010417 0.014474 0.007500 0.010000
Francais1558.111r.tif 0.015769 0.009198 0.010000 0.005833
Francais1558.111v.tif 0.011658 0.011658 0.009167 0.006667
Francais1558.112r.tif 0.013141 0.011827 0.008333 0.005833
Francais1558.112v.tif 0.013106 0.007726 0.008333 0.005834
Francais1558.113r.tif 0.013141 0.011827 0.008333 0.005833
Francais1558.113v.tif 0.013106 0.010485 0.010000 0.007500
Francais1558.114r.tif 0.014550 0.011827 0.009167 0.010000
Francais1558.114v.tif 0.013106 0.010485 0.008333 0.005833
Francais1558.115r.tif 0.015852 0.013210 0.010833 0.007500
Francais1558.115v.tif 0.013106 0.016927 0.007500 0.006667
Francais1558.116r.tif 0.017173 0.010568 0.008333 0.010000
Francais1558.116v.tif 0.013106 0.011688 0.008333 0.004167
Francais1558.117r.tif 0.019634 0.013089 0.008333 0.006667
Francais1558.117v.tif 0.013106 0.011688 0.007500 0.006667
Francais1558.118r.tif 0.015831 0.013089 0.006667 0.006667
Francais1558.118v.tif 0.013106 0.011688 0.009167 0.007500
Francais1558.119r.tif 0.012032 0.009358 0.009167 0.010000
Francais1558.119v.tif 0.015810 0.015810 0.007500 0.007500
Francais1558.120r.tif 0.012032 0.010582 0.008333 0.006667
Francais1558.120v.tif 0.015810 0.014436 0.008333 0.006667
Francais1558.121r.tif 0.012032 0.007792 0.008333 0.006667
Francais1558.121v.tif 0.011613 0.014194 0.007500 0.007500
Francais1558.122r.tif 0.012970 0.009079 0.005000 0.005000
Francais1558.122v.tif 0.012887 0.014175 0.009167 0.008333
Francais1558.123r.tif 0.018373 0.010499 0.009167 0.007500
Francais1558.123v.tif 0.012953 0.007772 0.010000 0.005833
Francais1558.124r.tif 0.010444 0.013055 0.007500 0.005833
Francais1558.124v.tif 0.012953 0.016818 0.008333 0.006667
Francais1558.125r.tif 0.020725 0.009067 0.010000 0.008333
Francais1558.125v.tif 0.010403 0.009103 0.009167 0.006667
Francais1558.126r.tif 0.016883 0.011688 0.008333 0.009167
Francais1558.126v.tif 0.009009 0.007722 0.009167 0.005833
Francais1558.127r.tif 0.014230 0.011643 0.009167 0.008333
Francais1558.127v.tif 0.012788 0.014066 0.009167 0.005000
Francais1558.128r.tif 0.011628 0.010336 0.005000 0.006667
Francais1558.128v.tif 0.015365 0.011524 0.010833 0.005833
Francais1558.129r.tif 0.010430 0.009126 0.010000 0.005000
Francais1558.129v.tif 0.012771 0.008940 0.009167 0.006667
Francais1558.130r.tif 0.019405 0.009056 0.010000 0.005000
Francais1558.130v.tif 0.011450 0.012723 0.008333 0.008334
Francais1558.131r.tif 0.015645 0.010430 0.010000 0.007500
Francais1558.131v.tif 0.015209 0.015209 0.010000 0.007500
Francais1558.132r.tif 0.010624 0.010430 0.010000 0.008333
Francais1558.132v.tif 0.014049 0.006386 0.007500 0.008333
Francais1558.133r.tif 0.010624 0.007916 0.008333 0.005833
Francais1558.133v.tif 0.010204 0.003827 0.009167 0.006667
Francais1558.134r.tif 0.015686 0.005229 0.008333 0.005000
Francais1558.134v.tif 0.012690 0.013959 0.009167 0.006667
Francais1558.135r.tif 0.012853 0.008997 0.009167 0.007500
Francais1558.135v.tif 0.012690 0.010101 0.009167 0.008333
Francais1558.136r.tif 0.019060 0.011436 0.006667 0.005000
Francais1558.136v.tif 0.013977 0.010101 0.009167 0.007500
Francais1558.137r.tif 0.016561 0.012739 0.009167 0.007500
Francais1558.137v.tif 0.011450 0.007634 0.009167 0.008333
Francais1558.138r.tif 0.016774 0.001290 0.008333 0.006667
Francais1558.138v.tif 0.012626 0.015152 0.009167 0.008333
Francais1558.139r.tif 0.005195 0.009091 0.008333 0.008333
Francais1558.139v.tif 0.015326 0.003831 0.009167 0.007500
Francais1558.140r.tif 0.010217 0.010217 0.007500 0.005833
Francais1558.140v.tif 0.011407 0.010139 0.009167 0.007500
Francais1558.141r.tif 0.011553 0.008986 0.008333 0.006667
Francais1558.141v.tif 0.012658 0.010127 0.008333 0.007500
Francais1558.142r.tif 0.019280 0.011568 0.009167 0.007500
Francais1558.142v.tif 0.008917 0.008917 0.008333 0.010000
Francais1558.143r.tif 0.014085 0.006402 0.008333 0.009167
Francais1558.143v.tif 0.012642 0.005057 0.008333 0.007500
Francais1558.144r.tif 0.011494 0.012771 0.008333 0.007500
Francais1558.144v.tif 0.016393 0.012610 0.010000 0.006667
Francais1558.145r.tif 0.017834 0.012771 0.008333 0.008333
Francais1558.145v.tif 0.013836 0.007547 0.007500 0.006667
Francais1558.146r.tif 0.015132 0.006305 0.008333 0.006667
Francais1558.146v.tif 0.008783 0.007547 0.010000 0.009167
Francais1558.147r.tif 0.010139 0.012674 0.008333 0.006667
Francais1558.147v.tif 0.011321 0.007547 0.008333 0.005833
Francais1558.148r.tif 0.006386 0.008940 0.008333 0.007500
Francais1558.148v.tif 0.011321 0.007547 0.008333 0.004167
Francais1558.149r.tif 0.006386 0.012937 0.010833 0.007500
Francais1558.149v.tif 0.013924 0.007547 0.008333 0.010000
Francais1558.150r.tif 0.010025 0.011278 0.008333 0.006667
Francais1558.150v.tif 0.009988 0.013733 0.010000 0.005000
Francais1558.151r.tif 0.003836 0.010230 0.006667 0.005833
Francais1558.151v.tif 0.011307 0.013733 0.007500 0.008333
Francais1558.152r.tif 0.015190 0.003797 0.009167 0.006667
Francais1558.152v.tif 0.010063 0.007547 0.008333 0.006667
Francais1558.153r.tif 0.006519 0.006519 0.009167 0.005000
Francais1558.153v.tif 0.014066 0.014066 0.011667 0.005000
Francais1558.154r.tif 0.006519 0.009091 0.008333 0.006667
Francais1558.154v.tif 0.010336 0.014212 0.009167 0.005833
Francais1558.155r.tif 0.011780 0.009162 0.009167 0.005000
Francais1558.155v.tif 0.010336 0.016667 0.009167 0.010000
Francais1558.156r.tif 0.018987 0.005063 0.008333 0.006667
Francais1558.156v.tif 0.010336 0.006402 0.009167 0.005833
Francais1558.157r.tif 0.017654 0.011349 0.008333 0.005000
Francais1558.157v.tif 0.010336 0.012804 0.010833 0.008333
Francais1558.158r.tif 0.006410 0.008974 0.008333 0.008333
Francais1558.158v.tif 0.010336 0.012804 0.010000 0.006667
Francais1558.159r.tif 0.015267 0.005089 0.008333 0.008333
Francais1558.159v.tif 0.012788 0.012788 0.005833 0.008333
Francais1558.160r.tif 0.012642 0.010114 0.005833 0.005833
Francais1558.160v.tif 0.007624 0.019060 0.009167 0.006667
Francais1558.161r.tif 0.020859 0.010114 0.005833 0.006667
Francais1558.161v.tif 0.011208 0.007472 0.009167 0.007500
Francais1558.162r.tif 0.013447 0.010114 0.003333 0.005833
Francais1558.162v.tif 0.011208 0.007472 0.009167 0.005833
Francais1558.163r.tif 0.013447 0.012285 0.009167 0.007500
Francais1558.163v.tif 0.007426 0.007472 0.006667 0.004167
Francais1558.164r.tif 0.013447 0.012285 0.006667 0.007500
Francais1558.164v.tif 0.013514 0.012285 0.010000 0.005833
Francais1558.165r.tif 0.006305 0.011349 0.005833 0.007500
Francais1558.165v.tif 0.010178 0.011450 0.006667 0.008333
Francais1558.endmatter.flyleaf.01r.tif 0.017305 0.004944 0.006667 0.007500
Francais1558.endmatter.flyleaf.01v.tif 0.008739 0.008739 0.007500 0.005000
Francais1558.endmatter.flyleaf.02r.tif 0.017305 0.007326 0.010833 0.005000
Francais1558.endmatter.flyleaf.02v.tif 0.008739 0.012346 0.010000 0.008333
Francais1558.endmatter.pastedown.tif 0.028235 0.009412 0.002500 0.000833
Francais1558.binding.backcover.tif 0.008739 0.004640 0.007500 0.000833
Francais1558.binding.spine.tif 0.043902 0.048780 0.010000 0.007500
Francais1558.misc.color.tif 0.011455 0.010309 0.003333 0.006667
