Francais801.binding.frontcover.tif 0.009174 0.008028 0.009167 0.009167
Francais801.frontmatter.pastedown.tif 0.015222 0.000000 0.010000 0.015000
Francais801.frontmatter.flyleaf.01r.tif 0.016148 0.009227 0.009167 0.009167
Francais801.frontmatter.flyleaf.01v.tif 0.011696 0.011696 0.009167 0.005000
Francais801.frontmatter.flyleaf.02r.tif 0.004723 0.012987 0.009167 0.008333
Francais801.frontmatter.flyleaf.02v.tif 0.011696 0.012791 0.011667 0.008333
Francais801.frontmatter.flyleaf.03r.tif 0.010551 0.012896 0.010000 0.006667
Francais801.frontmatter.flyleaf.03v.tif 0.011696 0.012791 0.010833 0.006667
Francais801.frontmatter.flyleaf.04r.tif 0.016317 0.010490 0.009167 0.007500
Francais801.frontmatter.flyleaf.04v.tif 0.015205 0.012791 0.007500 0.010000
Francais801.frontmatter.flyleaf.05r.tif 0.028249 0.622599 0.025000 0.005833
Francais801.frontmatter.flyleaf.05v.tif 0.616854 0.010112 0.007500 0.005000
Francais801.frontmatter.flyleaf.06r.tif 0.016018 0.012586 0.009167 0.009167
Francais801.frontmatter.flyleaf.06v.tif 0.015081 0.010112 0.010833 0.009167
Francais801.001r.tif 0.011820 0.009456 0.009167 0.009167
Francais801.001v.tif 0.013095 0.016271 0.009167 0.007500
Francais801.002r.tif 0.011655 0.012821 0.009167 0.009167
Francais801.002v.tif 0.013095 0.000000 0.010833 0.008333
Francais801.003r.tif 0.014118 0.015294 0.010833 0.009167
Francais801.003v.tif 0.013158 0.010766 0.010833 0.010833
Francais801.004r.tif 0.017564 0.015360 0.010000 0.008333
Francais801.004v.tif 0.013158 0.014354 0.010000 0.010000
Francais801.005r.tif 0.007117 0.010676 0.007500 0.006667
Francais801.005v.tif 0.009558 0.010753 0.007500 0.006667
Francais801.006r.tif 0.011820 0.013002 0.008333 0.009167
Francais801.006v.tif 0.013111 0.019070 0.010000 0.009167
Francais801.007r.tif 0.011820 0.008226 0.010000 0.007500
Francais801.007v.tif 0.013111 0.013111 0.009167 0.009167
Francais801.008r.tif 0.009674 0.013301 0.010000 0.010000
Francais801.008v.tif 0.013111 0.013111 0.011667 0.005000
Francais801.009r.tif 0.009581 0.013301 0.007500 0.010000
Francais801.009v.tif 0.013111 0.016929 0.008333 0.007500
Francais801.010r.tif 0.013142 0.013301 0.007500 0.009167
Francais801.010v.tif 0.013111 0.015663 0.009167 0.010833
Francais801.011r.tif 0.016787 0.015588 0.009167 0.009167
Francais801.011v.tif 0.015700 0.013248 0.010833 0.009167
Francais801.012r.tif 0.013221 0.012019 0.010000 0.011667
Francais801.012v.tif 0.013447 0.009780 0.010833 0.011667
Francais801.013r.tif 0.015476 0.014286 0.011667 0.010833
Francais801.013v.tif 0.007308 0.010962 0.009167 0.010833
Francais801.014r.tif 0.011976 0.013174 0.006667 0.010000
Francais801.014v.tif 0.013415 0.017073 0.010833 0.009167
Francais801.015r.tif 0.010949 0.013382 0.010833 0.010833
Francais801.015v.tif 0.013415 0.013564 0.010833 0.008333
Francais801.016r.tif 0.013382 0.012165 0.010833 0.009167
Francais801.016v.tif 0.011057 0.009828 0.007500 0.005833
Francais801.017r.tif 0.013382 0.011962 0.009167 0.009167
Francais801.017v.tif 0.014545 0.013333 0.009167 0.009167
Francais801.018r.tif 0.013382 0.013142 0.009167 0.009167
Francais801.018v.tif 0.014545 0.013333 0.009167 0.009167
Francais801.019r.tif 0.013382 0.013142 0.009167 0.010833
Francais801.019v.tif 0.014545 0.013333 0.009167 0.009167
Francais801.020r.tif 0.013382 0.013142 0.007500 0.009167
Francais801.020v.tif 0.013382 0.013142 0.012500 0.010833
Francais801.021r.tif 0.013382 0.010791 0.010833 0.007500
Francais801.021v.tif 0.013382 0.016990 0.008333 0.009167
Francais801.022r.tif 0.009604 0.010804 0.010833 0.008333
Francais801.022v.tif 0.013382 0.007371 0.009167 0.009167
Francais801.023r.tif 0.012121 0.010804 0.010833 0.010833
Francais801.023v.tif 0.015758 0.016970 0.012500 0.009167
Francais801.024r.tif 0.012121 0.013253 0.010833 0.008333
Francais801.024v.tif 0.009852 0.016970 0.008333 0.008333
Francais801.025r.tif 0.014184 0.013253 0.008333 0.008333
Francais801.025v.tif 0.013382 0.013382 0.008333 0.006667
Francais801.026r.tif 0.014184 0.008424 0.010833 0.008333
Francais801.026v.tif 0.010909 0.021818 0.007500 0.009167
Francais801.027r.tif 0.013189 0.010791 0.008333 0.010833
Francais801.027v.tif 0.016908 0.013285 0.010833 0.007500
Francais801.028r.tif 0.011919 0.010791 0.008333 0.010833
Francais801.028v.tif 0.012121 0.012121 0.009167 0.008333
Francais801.029r.tif 0.011919 0.010714 0.008333 0.010833
Francais801.029v.tif 0.013285 0.010870 0.008333 0.010833
Francais801.030r.tif 0.013111 0.010714 0.009167 0.005833
Francais801.030v.tif 0.009768 0.013431 0.010000 0.010833
Francais801.031r.tif 0.010856 0.010714 0.009167 0.010000
Francais801.031v.tif 0.014616 0.017052 0.009167 0.007500
Francais801.032r.tif 0.010856 0.010714 0.009167 0.010000
Francais801.032v.tif 0.010989 0.017094 0.009167 0.008333
Francais801.033r.tif 0.010856 0.013142 0.009167 0.009167
Francais801.033v.tif 0.014545 0.015758 0.009167 0.007500
Francais801.034r.tif 0.011933 0.015513 0.010833 0.010000
Francais801.034v.tif 0.014616 0.014545 0.010000 0.010000
Francais801.035r.tif 0.013049 0.011862 0.008333 0.011667
Francais801.035v.tif 0.014616 0.016908 0.010000 0.007500
Francais801.036r.tif 0.003610 0.015644 0.009167 0.011667
Francais801.036v.tif 0.012285 0.014742 0.011667 0.008333
Francais801.037r.tif 0.009615 0.012019 0.010833 0.010833
Francais801.037v.tif 0.014652 0.000000 0.010000 0.008333
Francais801.038r.tif 0.013095 0.012019 0.009167 0.009167
Francais801.038v.tif 0.014652 0.012210 0.008333 0.010000
Francais801.039r.tif 0.012034 0.012019 0.010000 0.011667
Francais801.039v.tif 0.010962 0.018270 0.010000 0.007500
Francais801.040r.tif 0.012034 0.014458 0.009167 0.010833
Francais801.040v.tif 0.014581 0.014581 0.008333 0.010000
Francais801.041r.tif 0.011919 0.011919 0.008333 0.010000
Francais801.041v.tif 0.012180 0.013398 0.009167 0.009167
Francais801.042r.tif 0.011919 0.011919 0.008333 0.009167
Francais801.042v.tif 0.013285 0.015700 0.010000 0.010000
Francais801.043r.tif 0.014354 0.014354 0.010833 0.011667
Francais801.043v.tif 0.015644 0.015700 0.010000 0.010000
Francais801.044r.tif 0.011962 0.011962 0.010000 0.009167
Francais801.044v.tif 0.017052 0.015700 0.010833 0.008333
Francais801.045r.tif 0.015606 0.011962 0.008333 0.009167
Francais801.045v.tif 0.015854 0.014634 0.012500 0.008333
Francais801.046r.tif 0.015606 0.013189 0.010833 0.011667
Francais801.046v.tif 0.013333 0.015758 0.010000 0.007500
Francais801.047r.tif 0.009627 0.010830 0.010000 0.010000
Francais801.047v.tif 0.014581 0.013366 0.009167 0.010000
Francais801.048r.tif 0.009627 0.013189 0.009167 0.010000
Francais801.048v.tif 0.015700 0.009662 0.010000 0.008333
Francais801.049r.tif 0.010753 0.013189 0.009167 0.009167
Francais801.049v.tif 0.012092 0.012092 0.010000 0.008333
Francais801.050r.tif 0.011905 0.013189 0.007500 0.010000
Francais801.050v.tif 0.013285 0.014493 0.011667 0.008333
Francais801.051r.tif 0.011905 0.013189 0.008333 0.010000
Francais801.051v.tif 0.012077 0.014493 0.010833 0.010000
Francais801.052r.tif 0.015366 0.013189 0.008333 0.008333
Francais801.052v.tif 0.014475 0.014493 0.010000 0.010833
Francais801.053r.tif 0.011848 0.013189 0.008333 0.011667
Francais801.053v.tif 0.014475 0.013205 0.010000 0.009167
Francais801.054r.tif 0.015366 0.014184 0.010833 0.010000
Francais801.054v.tif 0.013049 0.011862 0.010833 0.009167
Francais801.055r.tif 0.015366 0.010804 0.010000 0.008333
Francais801.055v.tif 0.015569 0.009581 0.007500 0.007500
Francais801.056r.tif 0.015532 0.011947 0.010000 0.010833
Francais801.056v.tif 0.015569 0.013126 0.010000 0.009167
Francais801.057r.tif 0.011990 0.016787 0.010833 0.009167
Francais801.057v.tif 0.013142 0.013142 0.010833 0.009167
Francais801.058r.tif 0.014303 0.014303 0.010000 0.010833
Francais801.058v.tif 0.013142 0.013142 0.009167 0.009167
Francais801.059r.tif 0.012019 0.012019 0.010000 0.006667
Francais801.059v.tif 0.012063 0.016888 0.009167 0.009167
Francais801.060r.tif 0.014406 0.009604 0.010000 0.009167
Francais801.060v.tif 0.013142 0.013142 0.010000 0.009167
Francais801.061r.tif 0.016787 0.014388 0.010000 0.011667
Francais801.061v.tif 0.013126 0.009547 0.010833 0.009167
Francais801.062r.tif 0.012092 0.012092 0.009167 0.009167
Francais801.062v.tif 0.014303 0.013111 0.010000 0.010000
Francais801.063r.tif 0.013301 0.013301 0.008333 0.008333
Francais801.063v.tif 0.011976 0.010778 0.010000 0.009167
Francais801.064r.tif 0.012180 0.013301 0.010000 0.010000
Francais801.064v.tif 0.013158 0.013158 0.009167 0.009167
Francais801.065r.tif 0.014652 0.013301 0.010000 0.010000
Francais801.065v.tif 0.013205 0.014406 0.011667 0.010000
Francais801.066r.tif 0.014652 0.013301 0.008333 0.010000
Francais801.066v.tif 0.015476 0.014406 0.009167 0.010000
Francais801.067r.tif 0.012063 0.010856 0.008333 0.010000
Francais801.067v.tif 0.013080 0.014406 0.011667 0.007500
Francais801.068r.tif 0.013158 0.010856 0.010000 0.009167
Francais801.068v.tif 0.013080 0.014406 0.008333 0.010000
Francais801.069r.tif 0.013158 0.011990 0.008333 0.010833
Francais801.069v.tif 0.014337 0.013142 0.010000 0.008333
Francais801.070r.tif 0.013189 0.013189 0.010000 0.007500
Francais801.070v.tif 0.011905 0.013142 0.010000 0.010000
Francais801.071r.tif 0.014510 0.012092 0.009167 0.010000
Francais801.071v.tif 0.015700 0.009662 0.008333 0.008333
Francais801.072r.tif 0.013350 0.013350 0.011667 0.009167
Francais801.072v.tif 0.015700 0.014337 0.010000 0.008333
Francais801.073r.tif 0.016010 0.011084 0.011667 0.009167
Francais801.073v.tif 0.013301 0.014337 0.008333 0.009167
Francais801.074r.tif 0.010909 0.013333 0.010000 0.006667
Francais801.074v.tif 0.010791 0.013189 0.008333 0.008333
Francais801.075r.tif 0.008434 0.013333 0.009167 0.010000
Francais801.075v.tif 0.013126 0.010740 0.010833 0.008333
Francais801.076r.tif 0.015719 0.006046 0.010000 0.006667
Francais801.076v.tif 0.013126 0.014406 0.007500 0.006667
Francais801.077r.tif 0.013333 0.009697 0.009167 0.007500
Francais801.077v.tif 0.014475 0.012063 0.009167 0.006667
Francais801.078r.tif 0.013333 0.014423 0.009167 0.007500
Francais801.078v.tif 0.012019 0.012063 0.010833 0.009167
Francais801.079r.tif 0.015550 0.013158 0.007500 0.008333
Francais801.079v.tif 0.014406 0.013205 0.009167 0.009167
Francais801.080r.tif 0.010989 0.012210 0.009167 0.010000
Francais801.080v.tif 0.014406 0.015532 0.009167 0.009167
Francais801.081r.tif 0.013253 0.012210 0.008333 0.007500
Francais801.081v.tif 0.014201 0.015385 0.009167 0.007500
Francais801.082r.tif 0.016746 0.009569 0.008333 0.010833
Francais801.082v.tif 0.014201 0.022646 0.009167 0.012500
Francais801.083r.tif 0.010804 0.012005 0.008333 0.010000
Francais801.083v.tif 0.015495 0.014303 0.010000 0.009167
Francais801.084r.tif 0.008353 0.012005 0.009167 0.010000
Francais801.084v.tif 0.010651 0.011834 0.010833 0.010833
Francais801.085r.tif 0.016607 0.009490 0.009167 0.008333
Francais801.085v.tif 0.012881 0.016393 0.010833 0.008333
Francais801.086r.tif 0.014563 0.012136 0.009167 0.009167
Francais801.086v.tif 0.014303 0.010727 0.010000 0.010833
Francais801.087r.tif 0.015644 0.012136 0.008333 0.009167
Francais801.087v.tif 0.015276 0.014101 0.009167 0.008333
Francais801.088r.tif 0.013158 0.012136 0.009167 0.010000
Francais801.088v.tif 0.015276 0.018476 0.009167 0.010000
Francais801.089r.tif 0.017115 0.012136 0.009167 0.009167
Francais801.089v.tif 0.015276 0.015495 0.009167 0.011667
Francais801.090r.tif 0.015606 0.012136 0.009167 0.009167
Francais801.090v.tif 0.012941 0.010588 0.010833 0.009167
Francais801.091r.tif 0.013301 0.012136 0.009167 0.010000
Francais801.091v.tif 0.012941 0.010588 0.009167 0.010833
Francais801.092r.tif 0.014581 0.012136 0.008333 0.009167
Francais801.092v.tif 0.015588 0.011990 0.011667 0.009167
Francais801.093r.tif 0.016970 0.009697 0.009167 0.009167
Francais801.093v.tif 0.010856 0.011990 0.009167 0.008333
Francais801.094r.tif 0.025150 0.010778 0.007500 0.008333
Francais801.094v.tif 0.010856 0.015458 0.009167 0.006667
Francais801.095r.tif 0.013253 0.013253 0.009167 0.009167
Francais801.095v.tif 0.010856 0.011669 0.008333 0.008333
Francais801.096r.tif 0.014563 0.010922 0.008333 0.007500
Francais801.096v.tif 0.010856 0.010856 0.008333 0.008333
Francais801.097r.tif 0.014563 0.010922 0.007500 0.007500
Francais801.097v.tif 0.013033 0.014218 0.008333 0.008333
Francais801.098r.tif 0.012121 0.010922 0.010000 0.005833
Francais801.098v.tif 0.010727 0.007151 0.008333 0.005833
Francais801.099r.tif 0.018160 0.009685 0.010000 0.007500
Francais801.099v.tif 0.011820 0.011968 0.009167 0.007500
Francais801.100r.tif 0.018226 0.007290 0.007500 0.007500
Francais801.100v.tif 0.008304 0.007117 0.009167 0.007500
Francais801.101r.tif 0.014510 0.009674 0.007500 0.008333
Francais801.101v.tif 0.012972 0.011792 0.006667 0.008333
Francais801.102r.tif 0.021531 0.009674 0.007500 0.005833
Francais801.102v.tif 0.010651 0.004734 0.008333 0.008333
Francais801.103r.tif 0.012180 0.009674 0.005833 0.009167
Francais801.103v.tif 0.010651 0.010714 0.008333 0.008333
Francais801.104r.tif 0.013269 0.008444 0.008333 0.008333
Francais801.104v.tif 0.011834 0.010651 0.006667 0.005833
Francais801.105r.tif 0.014458 0.009639 0.008333 0.008333
Francais801.105v.tif 0.011834 0.010651 0.009167 0.005833
Francais801.106r.tif 0.016867 0.009639 0.008333 0.008333
Francais801.106v.tif 0.011834 0.010651 0.009167 0.005833
Francais801.107r.tif 0.038232 0.005974 0.008333 0.007500
Francais801.107v.tif 0.011834 0.010651 0.007500 0.008333
Francais801.108r.tif 0.017094 0.008547 0.007500 0.007500
Francais801.108v.tif 0.007246 0.006039 0.010000 0.005833
Francais801.109r.tif 0.015758 0.010909 0.006667 0.008333
Francais801.109v.tif 0.009490 0.010676 0.010000 0.006667
Francais801.110r.tif 0.015758 0.010909 0.009167 0.008333
Francais801.110v.tif 0.011933 0.010740 0.009167 0.008333
Francais801.111r.tif 0.015758 0.003686 0.009167 0.006667
Francais801.111v.tif 0.008314 0.010740 0.005833 0.005833
Francais801.112r.tif 0.015758 0.012077 0.007500 0.008333
Francais801.112v.tif 0.009501 0.008314 0.007500 0.006667
Francais801.113r.tif 0.012165 0.008516 0.007500 0.005833
Francais801.113v.tif 0.009501 0.003584 0.006667 0.008333
Francais801.114r.tif 0.012077 0.008604 0.006667 0.009167
Francais801.114v.tif 0.009501 0.009650 0.009167 0.008333
Francais801.115r.tif 0.014458 0.008604 0.008333 0.007500
Francais801.115v.tif 0.009501 0.009650 0.009167 0.010000
Francais801.116r.tif 0.014458 0.009709 0.008333 0.009167
Francais801.116v.tif 0.010727 0.009650 0.007500 0.010000
Francais801.117r.tif 0.012092 0.007255 0.009167 0.006667
Francais801.117v.tif 0.010727 0.009650 0.007500 0.008333
Francais801.118r.tif 0.012092 0.007255 0.008333 0.010000
Francais801.118v.tif 0.010727 0.009650 0.009167 0.008333
Francais801.119r.tif 0.012092 0.008413 0.008333 0.007500
Francais801.119v.tif 0.010727 0.009650 0.009167 0.008333
Francais801.120r.tif 0.012092 0.008413 0.008333 0.008333
Francais801.120v.tif 0.013049 0.009650 0.006667 0.004167
Francais801.121r.tif 0.014423 0.008413 0.005000 0.008333
Francais801.121v.tif 0.013049 0.008383 0.007500 0.007500
Francais801.122r.tif 0.010804 0.010804 0.005833 0.006667
Francais801.122v.tif 0.008333 0.013095 0.010000 0.009167
Francais801.123r.tif 0.014269 0.010804 0.007500 0.004167
Francais801.123v.tif 0.009547 0.015513 0.010000 0.008333
Francais801.124r.tif 0.013221 0.008413 0.007500 0.007500
Francais801.124v.tif 0.010689 0.011876 0.009167 0.004167
Francais801.125r.tif 0.013221 0.008413 0.009167 0.006667
Francais801.125v.tif 0.010689 0.008403 0.009167 0.005833
Francais801.126r.tif 0.010843 0.008413 0.006667 0.008333
Francais801.126v.tif 0.010689 0.008255 0.006667 0.008333
Francais801.127r.tif 0.013237 0.009627 0.007500 0.009167
Francais801.127v.tif 0.010689 0.003563 0.008333 0.008333
Francais801.128r.tif 0.010843 0.009627 0.005833 0.006667
Francais801.128v.tif 0.010689 0.015205 0.006667 0.007500
Francais801.binding.fragment.01r.tif 0.000000 0.816901 0.023333 0.018333
Francais801.binding.fragment.01v.tif 0.832370 0.001156 0.029167 0.007500
Francais801.129r.tif 0.014458 0.012048 0.007500 0.010000
Francais801.129v.tif 0.012835 0.010502 0.007500 0.005000
Francais801.endmatter.flyleaf.01r.tif 0.014458 0.012048 0.009167 0.008333
Francais801.endmatter.flyleaf.01v.tif 0.012835 0.010502 0.010000 0.008333
Francais801.endmatter.flyleaf.02r.tif 0.008294 0.007109 0.008333 0.007500
Francais801.endmatter.flyleaf.02v.tif 0.010601 0.010502 0.009167 0.006667
Francais801.endmatter.flyleaf.03r.tif 0.008294 0.010526 0.008333 0.009167
Francais801.endmatter.flyleaf.03v.tif 0.015222 0.010502 0.010000 0.009167
Francais801.endmatter.pastedown.tif 0.008294 0.010539 0.008333 0.007500
Francais801.binding.backcover.tif 0.003436 0.013746 0.009167 0.006667
Francais801.binding.spine.tif 0.072289 0.054217 0.009167 0.010000
Francais801.misc.color.tif 0.003429 0.011429 0.010000 0.006667
