Bodmer79.binding.frontcover.tif 0.000000 0.043202 0.001667 0.088333
Bodmer79.frontmatter.pastedown.tif 0.078780 0.050826 0.143333 0.002500
Bodmer79.frontmatter.flyleaf.01r.tif 0.000000 0.106734 0.000000 0.125000
Bodmer79.frontmatter.flyleaf.01v.tif 0.074968 0.027954 0.068333 0.055000
Bodmer79.frontmatter.flyleaf.02r.tif 0.019060 0.076239 0.055000 0.055833
Bodmer79.frontmatter.flyleaf.02v.tif 0.083863 0.011436 0.072500 0.043333
Bodmer79.frontmatter.flyleaf.03r.tif 0.005083 0.102922 0.086667 0.026667
Bodmer79.frontmatter.flyleaf.03v.tif 0.067344 0.030496 0.065000 0.055000
Bodmer79.frontmatter.flyleaf.04r.tif 0.019060 0.099111 0.074167 0.060000
Bodmer79.frontmatter.flyleaf.04v.tif 0.074968 0.026684 0.125000 0.003333
Bodmer79.001r.tif 0.027954 0.088945 0.035833 0.095833
Bodmer79.001v.tif 0.064803 0.019060 0.069167 0.054167
Bodmer79.002r.tif 0.030496 0.095299 0.113333 0.020000
Bodmer79.002v.tif 0.077510 0.008895 0.085833 0.040833
Bodmer79.003r.tif 0.015248 0.109276 0.060000 0.069167
Bodmer79.003v.tif 0.060991 0.024142 0.088333 0.037500
Bodmer79.004r.tif 0.025413 0.090216 0.077500 0.050000
Bodmer79.004v.tif 0.054638 0.030496 0.056667 0.056667
Bodmer79.005r.tif 0.026684 0.095299 0.100000 0.035833
Bodmer79.005v.tif 0.054638 0.024142 0.040833 0.084167
Bodmer79.006r.tif 0.033037 0.091487 0.069167 0.066667
Bodmer79.006v.tif 0.088945 0.000000 0.065833 0.066667
Bodmer79.007r.tif 0.015248 0.115629 0.085833 0.051667
Bodmer79.007v.tif 0.077510 0.011436 0.075000 0.057500
Bodmer79.008r.tif 0.047014 0.078780 0.111667 0.023333
Bodmer79.008v.tif 0.083863 0.000000 0.085000 0.038333
Bodmer79.009r.tif 0.017789 0.102922 0.079167 0.060000
Bodmer79.009v.tif 0.101652 0.000000 0.135833 0.000000
Bodmer79.010r.tif 0.025413 0.088945 0.102500 0.034167
Bodmer79.010v.tif 0.060991 0.015248 0.066667 0.060000
Bodmer79.011r.tif 0.026684 0.092757 0.101667 0.037500
Bodmer79.011v.tif 0.060991 0.008895 0.063333 0.060833
Bodmer79.012r.tif 0.021601 0.092757 0.128333 0.015000
Bodmer79.012v.tif 0.081321 0.000000 0.068333 0.061667
Bodmer79.013r.tif 0.021601 0.090216 0.102500 0.034167
Bodmer79.013v.tif 0.047014 0.000000 0.081667 0.055000
Bodmer79.014r.tif 0.038119 0.077510 0.074167 0.060000
Bodmer79.014v.tif 0.066074 0.010165 0.066667 0.066667
Bodmer79.015r.tif 0.031766 0.090216 0.066667 0.074167
Bodmer79.015v.tif 0.063532 0.000000 0.068333 0.067500
Bodmer79.016r.tif 0.020330 0.088945 0.075000 0.064167
Bodmer79.016v.tif 0.063532 0.000000 0.106667 0.025000
Bodmer79.017r.tif 0.008895 0.102922 0.120000 0.021667
Bodmer79.017v.tif 0.066074 0.021601 0.085833 0.056667
Bodmer79.018r.tif 0.019060 0.083863 0.060000 0.085000
Bodmer79.018v.tif 0.074968 0.006353 0.045833 0.088333
Bodmer79.019r.tif 0.039390 0.063532 0.083333 0.057500
Bodmer79.019v.tif 0.091487 0.006353 0.065000 0.087500
Bodmer79.020r.tif 0.010165 0.087675 0.085000 0.055000
Bodmer79.020v.tif 0.069886 0.019060 0.074167 0.075833
Bodmer79.021r.tif 0.010165 0.086404 0.010000 0.129167
Bodmer79.021v.tif 0.071156 0.013977 0.060833 0.098333
Bodmer79.022r.tif 0.000000 0.077510 0.067500 0.075000
Bodmer79.022v.tif 0.096569 0.011436 0.087500 0.069167
Bodmer79.023r.tif 0.005083 0.078780 0.124167 0.019167
Bodmer79.023v.tif 0.067344 0.031766 0.077500 0.081667
Bodmer79.024r.tif 0.005083 0.077510 0.088333 0.053333
Bodmer79.024v.tif 0.082592 0.003812 0.080833 0.070000
Bodmer79.025r.tif 0.016518 0.049555 0.041667 0.099167
Bodmer79.025v.tif 0.082592 0.005083 0.080833 0.070833
Bodmer79.026r.tif 0.001271 0.086404 0.092500 0.047500
Bodmer79.026v.tif 0.057179 0.022872 0.078333 0.074167
Bodmer79.027r.tif 0.001271 0.083863 0.062500 0.085000
Bodmer79.027v.tif 0.066074 0.011436 0.101667 0.045833
Bodmer79.028r.tif 0.001271 0.092757 0.074167 0.069167
Bodmer79.028v.tif 0.068615 0.016518 0.103333 0.053333
Bodmer79.030r.tif 0.001271 0.073698 0.101667 0.036667
Bodmer79.030v.tif 0.076239 0.007624 0.089167 0.063333
Bodmer79.031r.tif 0.001271 0.083863 0.051667 0.091667
Bodmer79.031v.tif 0.059720 0.021601 0.072500 0.080833
Bodmer79.032r.tif 0.005083 0.064803 0.090833 0.049167
Bodmer79.032v.tif 0.060991 0.012706 0.085000 0.064167
Bodmer79.033r.tif 0.005083 0.073698 0.038333 0.096667
Bodmer79.033v.tif 0.062262 0.055909 0.129167 0.058333
Bodmer79.034v.tif 0.071156 0.029225 0.075833 0.070833
Bodmer79.035r.tif 0.005083 0.078780 0.073333 0.070000
Bodmer79.035v.tif 0.072427 0.002541 0.115000 0.035000
Bodmer79.036r.tif 0.005083 0.123253 0.075000 0.067500
Bodmer79.036v.tif 0.068615 0.002541 0.079167 0.072500
Bodmer79.037v.tif 0.085133 0.019060 0.056667 0.092500
Bodmer79.038r.tif 0.012706 0.060991 0.110000 0.035833
Bodmer79.038v.tif 0.063532 0.013977 0.080833 0.072500
Bodmer79.039r.tif 0.000000 0.082592 0.087500 0.058333
Bodmer79.039v.tif 0.076239 0.001271 0.083333 0.065000
Bodmer79.040r.tif 0.000000 0.066074 0.000000 0.148333
Bodmer79.040v.tif 0.066074 0.005083 0.069167 0.080000
Bodmer79.041r.tif 0.000000 0.067344 0.025000 0.121667
Bodmer79.041v.tif 0.090216 0.000000 0.093333 0.056667
Bodmer79.042r.tif 0.002541 0.058450 0.055833 0.086667
Bodmer79.042v.tif 0.085133 0.000000 0.100833 0.050833
Bodmer79.043r.tif 0.000000 0.066074 0.122500 0.020000
Bodmer79.043v.tif 0.071156 0.000000 0.100000 0.045000
Bodmer79.044r.tif 0.000000 0.072427 0.075000 0.070000
Bodmer79.044v.tif 0.074968 0.000000 0.094167 0.050000
Bodmer79.045r.tif 0.005083 0.060991 0.052500 0.095000
Bodmer79.045v.tif 0.055909 0.002541 0.110000 0.036667
Bodmer79.046r.tif 0.006353 0.063532 0.017500 0.133333
Bodmer79.046v.tif 0.062262 0.002541 0.076667 0.070833
Bodmer79.047r.tif 0.024142 0.047014 0.092500 0.052500
Bodmer79.047v.tif 0.062262 0.002541 0.145833 0.000000
Bodmer79.048r.tif 0.031766 0.039390 0.072500 0.073333
Bodmer79.048v.tif 0.059720 0.013977 0.100000 0.046667
Bodmer79.049r.tif 0.008895 0.063532 0.095000 0.048333
Bodmer79.049v.tif 0.059720 0.011436 0.125833 0.014167
Bodmer79.050r.tif 0.008895 0.073698 0.051667 0.095000
Bodmer79.050v.tif 0.059720 0.013977 0.093333 0.050000
Bodmer79.051r.tif 0.008895 0.076239 0.065000 0.077500
Bodmer79.051v.tif 0.085133 0.001271 0.109167 0.030000
Bodmer79.052r.tif 0.008895 0.086404 0.040833 0.107500
Bodmer79.052v.tif 0.035578 0.017789 0.041667 0.093333
Bodmer79.053r.tif 0.008895 0.059720 0.065833 0.075000
Bodmer79.053v.tif 0.063532 0.000000 0.087500 0.045000
Bodmer79.054r.tif 0.008895 0.069886 0.051667 0.088333
Bodmer79.054v.tif 0.053367 0.000000 0.102500 0.025000
Bodmer79.055r.tif 0.020330 0.092757 0.065000 0.082500
Bodmer79.055v.tif 0.060991 0.000000 0.059167 0.074167
Bodmer79.056r.tif 0.005083 0.071156 0.089167 0.060000
Bodmer79.056v.tif 0.060991 0.000000 0.077500 0.066667
Bodmer79.057r.tif 0.005083 0.071156 0.067500 0.077500
Bodmer79.057v.tif 0.067344 0.000000 0.102500 0.034167
Bodmer79.058r.tif 0.005083 0.076239 0.075000 0.071667
Bodmer79.058v.tif 0.049555 0.003812 0.038333 0.104167
Bodmer79.059r.tif 0.005083 0.076239 0.063333 0.085000
Bodmer79.059v.tif 0.054638 0.003812 0.094167 0.052500
Bodmer79.060r.tif 0.008895 0.080051 0.059167 0.094167
Bodmer79.060v.tif 0.071156 0.003812 0.099167 0.052500
Bodmer79.061r.tif 0.012706 0.076239 0.051667 0.096667
Bodmer79.061v.tif 0.055909 0.000000 0.080000 0.068333
Bodmer79.062r.tif 0.008895 0.067344 0.071667 0.080000
Bodmer79.062v.tif 0.040661 0.002541 0.089167 0.055000
Bodmer79.063r.tif 0.019060 0.053367 0.067500 0.080000
Bodmer79.063v.tif 0.040661 0.013977 0.090000 0.059167
Bodmer79.064r.tif 0.016518 0.063532 0.089167 0.061667
Bodmer79.064v.tif 0.040661 0.006353 0.090000 0.054167
Bodmer79.065r.tif 0.011436 0.083863 0.071667 0.080000
Bodmer79.065v.tif 0.057179 0.000000 0.076667 0.068333
Bodmer79.066r.tif 0.006353 0.087675 0.105000 0.047500
Bodmer79.066v.tif 0.062262 0.000000 0.062500 0.079167
Bodmer79.067r.tif 0.017789 0.076239 0.051667 0.103333
Bodmer79.067v.tif 0.060991 0.000000 0.100000 0.036667
Bodmer79.068r.tif 0.003812 0.099111 0.095833 0.058333
Bodmer79.068v.tif 0.019060 0.000000 0.085000 0.051667
Bodmer79.069r.tif 0.011436 0.072427 0.058333 0.097500
Bodmer79.069v.tif 0.035578 0.000000 0.069167 0.061667
Bodmer79.070r.tif 0.035578 0.069886 0.065000 0.091667
Bodmer79.070v.tif 0.044473 0.000000 0.070000 0.068333
Bodmer79.071r.tif 0.026684 0.064803 0.065000 0.092500
Bodmer79.071v.tif 0.041931 0.003812 0.100000 0.044167
Bodmer79.072r.tif 0.010165 0.064803 0.067500 0.083333
Bodmer79.072v.tif 0.033037 0.007624 0.045000 0.095833
Bodmer79.073r.tif 0.016518 0.069886 0.058333 0.092500
Bodmer79.073v.tif 0.045743 0.000000 0.080833 0.056667
Bodmer79.074r.tif 0.016518 0.066074 0.085000 0.073333
Bodmer79.074v.tif 0.059720 0.000000 0.091667 0.057500
Bodmer79.075r.tif 0.015248 0.072427 0.067500 0.090833
Bodmer79.075v.tif 0.052097 0.000000 0.082500 0.065000
Bodmer79.076r.tif 0.006353 0.088945 0.076667 0.083333
Bodmer79.076v.tif 0.033037 0.002541 0.085833 0.058333
Bodmer79.077r.tif 0.016518 0.067344 0.091667 0.068333
Bodmer79.077v.tif 0.058450 0.002541 0.075833 0.072500
Bodmer79.078r.tif 0.030496 0.067344 0.074167 0.084167
Bodmer79.078v.tif 0.053367 0.002541 0.075833 0.074167
Bodmer79.079r.tif 0.017789 0.067344 0.101667 0.057500
Bodmer79.079v.tif 0.041931 0.010165 0.075833 0.070833
Bodmer79.080r.tif 0.068615 0.016518 0.089167 0.067500
Bodmer79.080v.tif 0.022872 0.002541 0.071667 0.070833
Bodmer79.081r.tif 0.050826 0.038119 0.061667 0.097500
Bodmer79.081v.tif 0.040661 0.002541 0.060833 0.083333
Bodmer79.082r.tif 0.045743 0.038119 0.077500 0.077500
Bodmer79.082v.tif 0.048285 0.002541 0.100000 0.048333
Bodmer79.083r.tif 0.010165 0.067344 0.074167 0.081667
Bodmer79.083v.tif 0.030496 0.008895 0.081667 0.063333
Bodmer79.084r.tif 0.049555 0.045743 0.078333 0.083333
Bodmer79.084v.tif 0.039390 0.002541 0.059167 0.088333
Bodmer79.085r.tif 0.038119 0.052097 0.076667 0.083333
Bodmer79.085v.tif 0.013977 0.001271 0.070833 0.063333
Bodmer79.086r.tif 0.063532 0.021601 0.066667 0.086667
Bodmer79.086v.tif 0.030496 0.001271 0.102500 0.035000
Bodmer79.087r.tif 0.031766 0.053367 0.115000 0.040833
Bodmer79.087v.tif 0.036849 0.001271 0.111667 0.040000
Bodmer79.088r.tif 0.020330 0.059720 0.115000 0.040833
Bodmer79.088v.tif 0.012706 0.020330 0.056667 0.088333
Bodmer79.089r.tif 0.019060 0.064803 0.096667 0.060833
Bodmer79.089v.tif 0.020330 0.005083 0.110833 0.025833
Bodmer79.090r.tif 0.019060 0.069886 0.075833 0.080000
Bodmer79.090v.tif 0.040661 0.000000 0.072500 0.069167
Bodmer79.091r.tif 0.027954 0.062262 0.098333 0.059167
Bodmer79.091v.tif 0.024142 0.013977 0.085833 0.056667
Bodmer79.092r.tif 0.033037 0.058450 0.056667 0.092500
Bodmer79.092v.tif 0.000000 0.049555 0.089167 0.033333
Bodmer79.093r.tif 0.082592 0.007624 0.084167 0.069167
Bodmer79.093v.tif 0.000000 0.047014 0.102500 0.042500
Bodmer79.094r.tif 0.080051 0.010165 0.084167 0.069167
Bodmer79.094v.tif 0.000000 0.054638 0.131667 0.000000
Bodmer79.095r.tif 0.102922 0.000000 0.085833 0.065833
Bodmer79.095v.tif 0.000000 0.055909 0.096667 0.046667
Bodmer79.096r.tif 0.050826 0.048285 0.096667 0.065833
Bodmer79.096v.tif 0.034307 0.003812 0.100000 0.042500
Bodmer79.097r.tif 0.043202 0.068615 0.055833 0.108333
Bodmer79.097v.tif 0.010165 0.026684 0.097500 0.040000
Bodmer79.098r.tif 0.030496 0.055909 0.071667 0.080000
Bodmer79.098v.tif 0.010165 0.020330 0.066667 0.065833
Bodmer79.099r.tif 0.072427 0.026684 0.108333 0.043333
Bodmer79.099v.tif 0.000000 0.033037 0.103333 0.034167
Bodmer79.100r.tif 0.077510 0.015248 0.062500 0.084167
Bodmer79.100v.tif 0.000000 0.049555 0.097500 0.036667
Bodmer79.101r.tif 0.082592 0.011436 0.117500 0.032500
Bodmer79.101v.tif 0.000000 0.049555 0.135000 0.002500
Bodmer79.102r.tif 0.080051 0.030496 0.085000 0.068333
Bodmer79.102v.tif 0.048285 0.000000 0.065833 0.069167
Bodmer79.103r.tif 0.036849 0.058450 0.094167 0.055833
Bodmer79.103v.tif 0.048285 0.000000 0.072500 0.069167
Bodmer79.104r.tif 0.036849 0.058450 0.095000 0.055833
Bodmer79.104v.tif 0.048285 0.000000 0.072500 0.057500
Bodmer79.105r.tif 0.044473 0.058450 0.055000 0.100833
Bodmer79.105v.tif 0.000000 0.027954 0.060000 0.067500
Bodmer79.106r.tif 0.060991 0.047014 0.079167 0.077500
Bodmer79.106v.tif 0.029225 0.010165 0.088333 0.050000
Bodmer79.107r.tif 0.033037 0.076239 0.127500 0.028333
Bodmer79.107v.tif 0.029225 0.013977 0.073333 0.056667
Bodmer79.108r.tif 0.066074 0.055909 0.075000 0.070000
Bodmer79.108v.tif 0.029225 0.002541 0.090833 0.049167
Bodmer79.109r.tif 0.074968 0.048285 0.050000 0.104167
Bodmer79.109v.tif 0.052097 0.005083 0.064167 0.065000
Bodmer79.110r.tif 0.066074 0.044473 0.124167 0.028333
Bodmer79.110v.tif 0.000000 0.040661 0.066667 0.042500
Bodmer79.111r.tif 0.067344 0.053367 0.075833 0.080000
Bodmer79.111v.tif 0.024142 0.005083 0.066667 0.051667
Bodmer79.112r.tif 0.078780 0.040661 0.066667 0.084167
Bodmer79.112v.tif 0.000000 0.038119 0.100833 0.020000
Bodmer79.113r.tif 0.071156 0.047014 0.085833 0.064167
Bodmer79.113v.tif 0.040661 0.020330 0.100833 0.035833
Bodmer79.114r.tif 0.082592 0.047014 0.065833 0.082500
Bodmer79.114v.tif 0.040661 0.000000 0.066667 0.056667
Bodmer79.115r.tif 0.044473 0.068615 0.086667 0.066667
Bodmer79.115v.tif 0.035578 0.017789 0.084167 0.048333
Bodmer79.116r.tif 0.050826 0.068615 0.000000 0.153333
Bodmer79.116v.tif 0.029225 0.017789 0.084167 0.048333
Bodmer79.117r.tif 0.068615 0.050826 0.056667 0.094167
Bodmer79.117v.tif 0.040661 0.016518 0.084167 0.048333
Bodmer79.118r.tif 0.053367 0.063532 0.119167 0.044167
Bodmer79.118v.tif 0.033037 0.000000 0.104167 0.023333
Bodmer79.119r.tif 0.035578 0.086404 0.058333 0.104167
Bodmer79.119v.tif 0.010165 0.038119 0.093333 0.050000
Bodmer79.120r.tif 0.062262 0.063532 0.069167 0.085833
Bodmer79.120v.tif 0.010165 0.029225 0.083333 0.038333
Bodmer79.121r.tif 0.077510 0.052096 0.029167 0.131667
Bodmer79.121v.tif 0.000000 0.022872 0.056667 0.041667
Bodmer79.122r.tif 0.062262 0.058450 0.009167 0.155000
Bodmer79.122v.tif 0.035578 0.000000 0.073333 0.036667
Bodmer79.123r.tif 0.062262 0.067344 0.094167 0.060833
Bodmer79.123v.tif 0.035578 0.012706 0.038333 0.072500
Bodmer79.124r.tif 0.036849 0.074968 0.090833 0.063333
Bodmer79.124v.tif 0.035578 0.012706 0.065833 0.043333
Bodmer79.125r.tif 0.073698 0.049555 0.019167 0.131667
Bodmer79.125v.tif 0.033037 0.010165 0.081667 0.038333
Bodmer79.126r.tif 0.060991 0.069886 0.060833 0.098333
Bodmer79.126v.tif 0.033037 0.013977 0.100833 0.020833
Bodmer79.127r.tif 0.044473 0.083863 0.072500 0.085000
Bodmer79.127v.tif 0.036849 0.017789 0.090000 0.034167
Bodmer79.128r.tif 0.044473 0.088945 0.116667 0.042500
Bodmer79.128v.tif 0.036849 0.010165 0.097500 0.022500
Bodmer79.129r.tif 0.060991 0.057179 0.088333 0.060833
Bodmer79.129v.tif 0.033037 0.025413 0.097500 0.022500
Bodmer79.130r.tif 0.049555 0.057179 0.076667 0.071667
Bodmer79.130v.tif 0.050826 0.021601 0.055000 0.067500
Bodmer79.131r.tif 0.040661 0.082592 0.000000 0.169167
Bodmer79.131v.tif 0.073698 0.010165 0.080000 0.047500
Bodmer79.132r.tif 0.083863 0.060991 0.080833 0.078333
Bodmer79.132v.tif 0.058450 0.013977 0.050000 0.077500
Bodmer79.133r.tif 0.074968 0.053367 0.046667 0.101667
Bodmer79.133v.tif 0.058450 0.017789 0.050000 0.082500
Bodmer79.134r.tif 0.062262 0.064803 0.091667 0.055000
Bodmer79.134v.tif 0.041931 0.040661 0.078333 0.046667
Bodmer79.135r.tif 0.069886 0.057179 0.060833 0.079167
Bodmer79.135v.tif 0.041931 0.029225 0.088333 0.035833
Bodmer79.136r.tif 0.072427 0.041931 0.037500 0.100833
Bodmer79.136v.tif 0.041931 0.029225 0.093333 0.035833
Bodmer79.137r.tif 0.090216 0.029225 0.074167 0.061667
Bodmer79.137v.tif 0.030496 0.058450 0.075000 0.042500
Bodmer79.138r.tif 0.081321 0.029225 0.044167 0.084167
Bodmer79.138v.tif 0.030496 0.062262 0.052500 0.077500
Bodmer79.endmatter.flyleaf.01r.tif 0.055909 0.050826 0.029167 0.098333
Bodmer79.endmatter.flyleaf.01v.tif 0.049555 0.013977 0.069167 0.051667
Bodmer79.endmatter.flyleaf.02r.tif 0.033037 0.060991 0.020833 0.103333
Bodmer79.endmatter.flyleaf.02v.tif 0.085133 0.013977 0.069167 0.051667
Bodmer79.endmatter.flyleaf.03r.tif 0.081321 0.043202 0.085000 0.048333
Bodmer79.endmatter.flyleaf.03v.tif 0.053367 0.021601 0.069167 0.056667
Bodmer79.endmatter.pastedown.tif 0.069886 0.043202 0.049167 0.073333
Bodmer79.binding.backcover.tif 0.050826 0.000000 0.042500 0.034167
